Gene	homo_sapiens	rattus_norvegicus	Anc4	bos_taurus	Anc3
ENSG00000019186	5	1	1	1	1
ENSG00000186350	5	1	1	1	1
ENSG00000185436	5	1	1	1	1
ENSG00000123815	5	1	1	1	1
ENSG00000153237	5	1	1	1	1
ENSG00000109991	5	1	1	1	1
ENSG00000118689	5	1	1	1	1
ENSG00000113722	5	1	1	1	1
ENSG00000123095	5	1	1	1	1
ENSG00000136603	5	1	1	1	1
ENSG00000137449	5	1	1	1	1
ENSG00000157216	5	1	1	1	1
ENSG00000188760	5	1	1	1	1
DUMMY46	-100	-100	-100	-100	-100
ENSG00000036054	2	2	2	3	3
ENSG00000196792	2	2	2	3	3
ENSG00000123810	2	2	2	3	3
ENSG00000069998	2	2	2	3	3
ENSG00000180425	2	2	2	3	3
ENSG00000169682	2	2	2	3	3
ENSG00000156521	2	2	2	3	3
ENSG00000139637	2	2	2	3	3
ENSG00000120742	2	2	2	3	3
ENSG00000110080	2	2	2	3	3
ENSG00000082258	2	2	2	3	3
ENSG00000185963	2	2	2	3	3
ENSG00000058729	2	2	2	3	3
ENSG00000160285	2	2	2	3	3
ENSG00000147316	2	2	2	3	3
ENSG00000134001	2	2	2	3	3
ENSG00000119328	2	2	2	3	3
ENSG00000101400	2	2	2	3	3
ENSG00000239779	2	2	2	3	3
ENSG00000130150	2	2	2	3	3
ENSG00000083812	2	2	2	3	3
ENSG00000164535	2	2	2	3	3
ENSG00000157578	2	2	2	3	3
ENSG00000138095	2	2	2	3	3
ENSG00000119725	2	2	2	3	3
ENSG00000107566	2	2	2	3	3
ENSG00000205765	2	2	2	3	3
ENSG00000127540	2	2	2	3	3
ENSG00000086504	2	2	2	3	3
ENSG00000173566	2	2	2	3	3
ENSG00000089818	2	2	2	3	3
ENSG00000149260	2	2	2	3	3
ENSG00000135974	2	2	2	3	3
ENSG00000122557	2	2	2	3	3
ENSG00000105447	2	2	2	3	3
ENSG00000095002	2	2	2	3	3
ENSG00000187866	2	2	2	3	3
ENSG00000096080	2	2	2	3	3
ENSG00000163463	2	2	2	3	3
ENSG00000149548	2	2	2	3	3
ENSG00000136932	2	2	2	3	3
ENSG00000122729	2	2	2	3	3
ENSG00000106524	2	2	2	3	3
ENSG00000187566	2	2	2	3	3
ENSG00000124688	2	2	2	3	3
ENSG00000099203	2	2	2	3	3
ENSG00000173914	2	2	2	3	3
ENSG00000107833	2	2	2	3	3
ENSG00000159055	2	2	2	3	3
ENSG00000122912	2	2	2	3	3
ENSG00000130826	2	2	2	3	3
ENSG00000131100	2	2	2	3	3
ENSG00000131236	2	2	2	3	3
ENSG00000254858	2	2	2	3	3
ENSG00000074935	2	2	2	3	3
ENSG00000141556	2	2	2	3	3
ENSG00000174928	2	2	2	3	3
ENSG00000143294	2	2	2	3	3
ENSG00000163686	2	2	2	3	3
ENSG00000164077	2	2	2	3	3
ENSG00000164967	2	2	2	3	3
ENSG00000242485	2	2	2	3	3
ENSG00000128694	2	2	2	3	3
ENSG00000198715	2	2	2	3	3
ENSG00000124356	2	2	2	3	3
ENSG00000196655	2	2	2	3	3
ENSG00000123975	2	2	2	3	3
DUMMY47	-100	-100	-100	-100	-100
ENSG00000011105	3	5	5	5	5
ENSG00000130513	3	5	5	5	5
ENSG00000213203	3	5	5	5	5
ENSG00000171346	3	5	5	5	5
ENSG00000123892	3	5	5	5	5
ENSG00000107130	3	5	5	5	5
ENSG00000088808	3	5	5	5	5
ENSG00000062598	3	5	5	5	5
ENSG00000198146	3	5	5	5	5
ENSG00000075413	3	5	5	5	5
ENSG00000066933	3	5	5	5	5
ENSG00000161647	3	5	5	5	5
ENSG00000151491	3	5	5	5	5
ENSG00000136161	3	5	5	5	5
ENSG00000120029	3	5	5	5	5
ENSG00000109501	3	5	5	5	5
ENSG00000100154	3	5	5	5	5
ENSG00000075568	3	5	5	5	5
ENSG00000198399	3	5	5	5	5
ENSG00000130038	3	5	5	5	5
ENSG00000078177	3	5	5	5	5
ENSG00000164050	3	5	5	5	5
ENSG00000154760	3	5	5	5	5
ENSG00000139354	3	5	5	5	5
ENSG00000133627	3	5	5	5	5
ENSG00000114948	3	5	5	5	5
ENSG00000112561	3	5	5	5	5
ENSG00000100814	3	5	5	5	5
ENSG00000173402	3	5	5	5	5
ENSG00000129993	3	5	5	5	5
ENSG00000121957	3	5	5	5	5
ENSG00000168917	3	5	5	5	5
ENSG00000122035	3	5	5	5	5
ENSG00000157350	3	5	5	5	5
ENSG00000140525	3	5	5	5	5
ENSG00000135241	3	5	5	5	5
ENSG00000136810	3	5	5	5	5
ENSG00000137145	3	5	5	5	5
ENSG00000175764	3	5	5	5	5
ENSG00000102048	3	5	5	5	5
ENSG00000137871	3	5	5	5	5
ENSG00000183530	3	5	5	5	5
ENSG00000128908	3	5	5	5	5
ENSG00000144824	3	5	5	5	5
ENSG00000164961	3	5	5	5	5
ENSG00000161813	3	5	5	5	5
ENSG00000162687	3	5	5	5	5
ENSG00000163071	3	5	5	5	5
ENSG00000165914	3	5	5	5	5
ENSG00000166004	3	5	5	5	5
ENSG00000177728	3	5	5	5	5
ENSG00000102763	3	5	5	5	5
ENSG00000175395	3	5	5	5	5
ENSG00000126883	3	5	5	5	5
ENSG00000165568	3	5	5	5	5
ENSG00000125962	3	5	5	5	5
DUMMY48	-100	-100	-100	-100	-100
ENSG00000044090	3	1	1	1	1
ENSG00000214022	3	1	1	1	1
ENSG00000123728	3	1	1	1	1
ENSG00000092140	3	1	1	1	1
ENSG00000100726	3	1	1	1	1
ENSG00000180801	3	1	1	1	1
ENSG00000116793	3	1	1	1	1
ENSG00000121892	3	1	1	1	1
ENSG00000131626	3	1	1	1	1
ENSG00000148606	3	1	1	1	1
ENSG00000138621	3	1	1	1	1
ENSG00000154222	3	1	1	1	1
ENSG00000159082	3	1	1	1	1
ENSG00000171612	3	1	1	1	1
DUMMY49	-100	-100	-100	-100	-100
ENSG00000029363	2	4	2	2	2
ENSG00000156502	2	4	2	2	2
ENSG00000164051	2	4	2	2	2
ENSG00000111667	2	4	2	2	2
ENSG00000143314	2	4	2	2	2
ENSG00000168297	2	4	2	2	2
ENSG00000097096	2	4	2	2	2
ENSG00000087303	2	4	2	2	2
ENSG00000103994	2	4	2	2	2
ENSG00000151116	2	4	2	2	2
ENSG00000126453	2	4	2	2	2
ENSG00000184076	2	4	2	2	2
ENSG00000184277	2	4	2	2	2
ENSG00000125703	2	4	2	2	2
ENSG00000177042	2	4	2	2	2
ENSG00000198718	2	4	2	2	2
ENSG00000103351	2	4	2	2	2
ENSG00000168610	2	4	2	2	2
ENSG00000112972	2	4	2	2	2
DUMMY56	-100	-100	-100	-100	-100
ENSG00000008853	3	3	3	5	5
ENSG00000149541	3	3	3	5	5
ENSG00000145332	3	3	3	5	5
ENSG00000088986	3	3	3	5	5
ENSG00000055070	3	3	3	5	5
ENSG00000136874	3	3	3	5	5
ENSG00000171044	3	3	3	5	5
ENSG00000066135	3	3	3	5	5
ENSG00000075975	3	3	3	5	5
ENSG00000106261	3	3	3	5	5
ENSG00000175906	3	3	3	5	5
ENSG00000122033	3	3	3	5	5
ENSG00000158669	3	3	3	5	5
ENSG00000155868	3	3	3	5	5
ENSG00000076321	3	3	3	5	5
ENSG00000182150	3	3	3	5	5
ENSG00000047579	3	3	3	5	5
ENSG00000166024	3	3	3	5	5
ENSG00000164733	3	3	3	5	5
ENSG00000078269	3	3	3	5	5
ENSG00000138821	3	3	3	5	5
ENSG00000164039	3	3	3	5	5
ENSG00000163818	3	3	3	5	5
ENSG00000081913	3	3	3	5	5
ENSG00000108587	3	3	3	5	5
ENSG00000171792	3	3	3	5	5
ENSG00000119720	3	3	3	5	5
ENSG00000085998	3	3	3	5	5
ENSG00000104714	3	3	3	5	5
ENSG00000124177	3	3	3	5	5
ENSG00000185015	3	3	3	5	5
ENSG00000184575	3	3	3	5	5
ENSG00000102531	3	3	3	5	5
ENSG00000108961	3	3	3	5	5
ENSG00000109586	3	3	3	5	5
ENSG00000124214	3	3	3	5	5
ENSG00000185900	3	3	3	5	5
ENSG00000184014	3	3	3	5	5
ENSG00000072274	3	3	3	5	5
ENSG00000130962	3	3	3	5	5
ENSG00000140263	3	3	3	5	5
ENSG00000175054	3	3	3	5	5
ENSG00000101353	3	3	3	5	5
ENSG00000130695	3	3	3	5	5
ENSG00000204764	3	3	3	5	5
ENSG00000185716	3	3	3	5	5
ENSG00000101935	3	3	3	5	5
ENSG00000170425	3	3	3	5	5
ENSG00000119596	3	3	3	5	5
ENSG00000103319	3	3	3	5	5
ENSG00000213853	3	3	3	5	5
ENSG00000183655	3	3	3	5	5
ENSG00000102901	3	3	3	5	5
ENSG00000163701	3	3	3	5	5
ENSG00000111358	3	3	3	5	5
ENSG00000154229	3	3	3	5	5
ENSG00000089009	3	3	3	5	5
DUMMY57	-100	-100	-100	-100	-100
ENSG00000008405	4	3	4	2	2
ENSG00000142937	4	3	4	2	2
ENSG00000109881	4	3	4	2	2
ENSG00000104361	4	3	4	2	2
ENSG00000137409	4	3	4	2	2
ENSG00000109046	4	3	4	2	2
ENSG00000131475	4	3	4	2	2
ENSG00000140398	4	3	4	2	2
ENSG00000183431	4	3	4	2	2
ENSG00000228300	4	3	4	2	2
ENSG00000101782	4	3	4	2	2
ENSG00000185340	4	3	4	2	2
ENSG00000185019	4	3	4	2	2
DUMMY58	-100	-100	-100	-100	-100
ENSG00000021300	5	5	5	3	3
ENSG00000158296	5	5	5	3	3
ENSG00000169155	5	5	5	3	3
ENSG00000157856	5	5	5	3	3
ENSG00000153317	5	5	5	3	3
ENSG00000077585	5	5	5	3	3
ENSG00000131023	5	5	5	3	3
ENSG00000144744	5	5	5	3	3
ENSG00000147364	5	5	5	3	3
ENSG00000152670	5	5	5	3	3
ENSG00000198331	5	5	5	3	3
ENSG00000100335	5	5	5	3	3
ENSG00000182718	5	5	5	3	3
ENSG00000182240	5	5	5	3	3
ENSG00000182156	5	5	5	3	3
ENSG00000179774	5	5	5	3	3
DUMMY59	-100	-100	-100	-100	-100
ENSG00000003402	4	3	4	4	4
ENSG00000162407	4	3	4	4	4
ENSG00000162704	4	3	4	4	4
ENSG00000153904	4	3	4	4	4
ENSG00000153714	4	3	4	4	4
ENSG00000057704	4	3	4	4	4
ENSG00000138346	4	3	4	4	4
ENSG00000171877	4	3	4	4	4
ENSG00000115091	4	3	4	4	4
ENSG00000104522	4	3	4	4	4
ENSG00000136830	4	3	4	4	4
ENSG00000167861	4	3	4	4	4
ENSG00000114019	4	3	4	4	4
ENSG00000105404	4	3	4	4	4
ENSG00000134508	4	3	4	4	4
ENSG00000168476	4	3	4	4	4
ENSG00000010295	4	3	4	4	4
ENSG00000108239	4	3	4	4	4
ENSG00000132122	4	3	4	4	4
ENSG00000130382	4	3	4	4	4
ENSG00000197329	4	3	4	4	4
ENSG00000187840	4	3	4	4	4
ENSG00000103316	4	3	4	4	4
ENSG00000108256	4	3	4	4	4
ENSG00000131435	4	3	4	4	4
ENSG00000168994	4	3	4	4	4
ENSG00000168899	4	3	4	4	4
ENSG00000133639	4	3	4	4	4
ENSG00000136156	4	3	4	4	4
ENSG00000168118	4	3	4	4	4
ENSG00000166483	4	3	4	4	4
ENSG00000136854	4	3	4	4	4
ENSG00000140931	4	3	4	4	4
ENSG00000142552	4	3	4	4	4
ENSG00000143862	4	3	4	4	4
ENSG00000074660	4	3	4	4	4
ENSG00000182704	4	3	4	4	4
ENSG00000183011	4	3	4	4	4
ENSG00000004478	4	3	4	4	4
ENSG00000128944	4	3	4	4	4
ENSG00000185614	4	3	4	4	4
ENSG00000198795	4	3	4	4	4
ENSG00000075415	4	3	4	4	4
ENSG00000166266	4	3	4	4	4
ENSG00000164897	4	3	4	4	4
ENSG00000164164	4	3	4	4	4
ENSG00000112144	4	3	4	4	4
DUMMY60	-100	-100	-100	-100	-100
ENSG00000020426	4	3	3	3	3
ENSG00000157184	4	3	3	3	3
ENSG00000163743	4	3	3	3	3
ENSG00000153214	4	3	3	3	3
ENSG00000110108	4	3	3	3	3
ENSG00000025796	4	3	3	3	3
ENSG00000145740	4	3	3	3	3
ENSG00000106144	4	3	3	3	3
ENSG00000104320	4	3	3	3	3
ENSG00000148834	4	3	3	3	3
ENSG00000107819	4	3	3	3	3
ENSG00000106615	4	3	3	3	3
ENSG00000149273	4	3	3	3	3
ENSG00000134086	4	3	3	3	3
ENSG00000134987	4	3	3	3	3
ENSG00000168488	4	3	3	3	3
ENSG00000122707	4	3	3	3	3
ENSG00000137040	4	3	3	3	3
ENSG00000137500	4	3	3	3	3
ENSG00000171222	4	3	3	3	3
ENSG00000122034	4	3	3	3	3
ENSG00000138448	4	3	3	3	3
ENSG00000153879	4	3	3	3	3
ENSG00000169905	4	3	3	3	3
ENSG00000046647	4	3	3	3	3
ENSG00000102218	4	3	3	3	3
ENSG00000169567	4	3	3	3	3
ENSG00000182544	4	3	3	3	3
ENSG00000048649	4	3	3	3	3
ENSG00000102226	4	3	3	3	3
ENSG00000170265	4	3	3	3	3
ENSG00000180822	4	3	3	3	3
ENSG00000073578	4	3	3	3	3
ENSG00000170385	4	3	3	3	3
ENSG00000118418	4	3	3	3	3
ENSG00000129625	4	3	3	3	3
ENSG00000180233	4	3	3	3	3
ENSG00000185753	4	3	3	3	3
ENSG00000103502	4	3	3	3	3
ENSG00000165644	4	3	3	3	3
ENSG00000068697	4	3	3	3	3
ENSG00000167693	4	3	3	3	3
ENSG00000188026	4	3	3	3	3
ENSG00000103479	4	3	3	3	3
ENSG00000166938	4	3	3	3	3
ENSG00000100226	4	3	3	3	3
ENSG00000168040	4	3	3	3	3
ENSG00000115289	4	3	3	3	3
ENSG00000166441	4	3	3	3	3
ENSG00000066422	4	3	3	3	3
ENSG00000163382	4	3	3	3	3
ENSG00000114125	4	3	3	3	3
DUMMY62	-100	-100	-100	-100	-100
ENSG00000002016	3	5	3	3	3
ENSG00000271303	3	5	3	3	3
ENSG00000182621	3	5	3	3	3
ENSG00000107854	3	5	3	3	3
ENSG00000151726	3	5	3	3	3
ENSG00000150456	3	5	3	3	3
ENSG00000107731	3	5	3	3	3
ENSG00000114030	3	5	3	3	3
ENSG00000169247	3	5	3	3	3
ENSG00000145817	3	5	3	3	3
ENSG00000105186	3	5	3	3	3
ENSG00000099821	3	5	3	3	3
ENSG00000179562	3	5	3	3	3
ENSG00000144357	3	5	3	3	3
ENSG00000148450	3	5	3	3	3
ENSG00000117523	3	5	3	3	3
ENSG00000176396	3	5	3	3	3
ENSG00000104679	3	5	3	3	3
ENSG00000143379	3	5	3	3	3
ENSG00000120727	3	5	3	3	3
ENSG00000198087	3	5	3	3	3
ENSG00000088826	3	5	3	3	3
ENSG00000153147	3	5	3	3	3
ENSG00000156467	3	5	3	3	3
ENSG00000083799	3	5	3	3	3
ENSG00000108395	3	5	3	3	3
ENSG00000108799	3	5	3	3	3
ENSG00000179222	3	5	3	3	3
ENSG00000117226	3	5	3	3	3
ENSG00000109320	3	5	3	3	3
ENSG00000127955	3	5	3	3	3
ENSG00000197548	3	5	3	3	3
ENSG00000197798	3	5	3	3	3
ENSG00000072163	3	5	3	3	3
ENSG00000186318	3	5	3	3	3
ENSG00000120690	3	5	3	3	3
ENSG00000179387	3	5	3	3	3
ENSG00000117133	3	5	3	3	3
ENSG00000177076	3	5	3	3	3
ENSG00000066855	3	5	3	3	3
ENSG00000174891	3	5	3	3	3
ENSG00000173812	3	5	3	3	3
ENSG00000172594	3	5	3	3	3
ENSG00000171984	3	5	3	3	3
ENSG00000163684	3	5	3	3	3
ENSG00000065457	3	5	3	3	3
ENSG00000167333	3	5	3	3	3
ENSG00000164576	3	5	3	3	3
ENSG00000164414	3	5	3	3	3
ENSG00000163584	3	5	3	3	3
ENSG00000162664	3	5	3	3	3
ENSG00000161999	3	5	3	3	3
DUMMY63	-100	-100	-100	-100	-100
ENSG00000003249	5	5	5	4	4
ENSG00000128482	5	5	5	4	4
ENSG00000185585	5	5	5	4	4
ENSG00000134352	5	5	5	4	4
ENSG00000108556	5	5	5	4	4
ENSG00000060656	5	5	5	4	4
ENSG00000166343	5	5	5	4	4
ENSG00000170500	5	5	5	4	4
ENSG00000157833	5	5	5	4	4
ENSG00000154721	5	5	5	4	4
ENSG00000131196	5	5	5	4	4
ENSG00000061455	5	5	5	4	4
ENSG00000188385	5	5	5	4	4
ENSG00000121281	5	5	5	4	4
ENSG00000150782	5	5	5	4	4
ENSG00000109220	5	5	5	4	4
ENSG00000184343	5	5	5	4	4
ENSG00000180448	5	5	5	4	4
ENSG00000061918	5	5	5	4	4
ENSG00000151414	5	5	5	4	4
ENSG00000079308	5	5	5	4	4
ENSG00000105464	5	5	5	4	4
ENSG00000185551	5	5	5	4	4
ENSG00000205710	5	5	5	4	4
ENSG00000012779	5	5	5	4	4
ENSG00000134986	5	5	5	4	4
ENSG00000196498	5	5	5	4	4
ENSG00000100314	5	5	5	4	4
ENSG00000163833	5	5	5	4	4
ENSG00000112041	5	5	5	4	4
ENSG00000137462	5	5	5	4	4
ENSG00000139053	5	5	5	4	4
ENSG00000140092	5	5	5	4	4
ENSG00000196570	5	5	5	4	4
ENSG00000100167	5	5	5	4	4
ENSG00000179912	5	5	5	4	4
ENSG00000179776	5	5	5	4	4
ENSG00000179772	5	5	5	4	4
ENSG00000099785	5	5	5	4	4
ENSG00000177558	5	5	5	4	4
ENSG00000177508	5	5	5	4	4
ENSG00000170989	5	5	5	4	4
ENSG00000170616	5	5	5	4	4
ENSG00000165685	5	5	5	4	4
ENSG00000066248	5	5	5	4	4
DUMMY64	-100	-100	-100	-100	-100
ENSG00000039123	2	5	2	2	2
ENSG00000187860	2	5	2	2	2
ENSG00000196470	2	5	2	2	2
ENSG00000197563	2	5	2	2	2
ENSG00000117528	2	5	2	2	2
ENSG00000197323	2	5	2	2	2
ENSG00000122547	2	5	2	2	2
ENSG00000196459	2	5	2	2	2
ENSG00000101407	2	5	2	2	2
ENSG00000204116	2	5	2	2	2
ENSG00000105851	2	5	2	2	2
ENSG00000126767	2	5	2	2	2
ENSG00000266173	2	5	2	2	2
ENSG00000206559	2	5	2	2	2
ENSG00000105607	2	5	2	2	2
ENSG00000146085	2	5	2	2	2
ENSG00000144827	2	5	2	2	2
ENSG00000109738	2	5	2	2	2
ENSG00000145687	2	5	2	2	2
ENSG00000085760	2	5	2	2	2
ENSG00000181852	2	5	2	2	2
ENSG00000172578	2	5	2	2	2
ENSG00000172273	2	5	2	2	2
ENSG00000168894	2	5	2	2	2
ENSG00000168811	2	5	2	2	2
ENSG00000164283	2	5	2	2	2
ENSG00000144061	2	5	2	2	2
ENSG00000091009	2	5	2	2	2
DUMMY65	-100	-100	-100	-100	-100
ENSG00000068885	1	1	1	5	5
ENSG00000168939	1	1	1	5	5
ENSG00000126458	1	1	1	5	5
ENSG00000178233	1	1	1	5	5
ENSG00000197561	1	1	1	5	5
ENSG00000129038	1	1	1	5	5
ENSG00000151917	1	1	1	5	5
ENSG00000143079	1	1	1	5	5
ENSG00000138030	1	1	1	5	5
ENSG00000106404	1	1	1	5	5
ENSG00000110330	1	1	1	5	5
ENSG00000171345	1	1	1	5	5
ENSG00000177380	1	1	1	5	5
ENSG00000184949	1	1	1	5	5
ENSG00000128805	1	1	1	5	5
ENSG00000104888	1	1	1	5	5
DUMMY66	-100	-100	-100	-100	-100
ENSG00000005249	4	5	4	4	4
ENSG00000163132	4	5	4	4	4
ENSG00000163814	4	5	4	4	4
ENSG00000142279	4	5	4	4	4
ENSG00000063169	4	5	4	4	4
ENSG00000164736	4	5	4	4	4
ENSG00000114439	4	5	4	4	4
ENSG00000056050	4	5	4	4	4
ENSG00000198535	4	5	4	4	4
ENSG00000123091	4	5	4	4	4
ENSG00000135914	4	5	4	4	4
ENSG00000137486	4	5	4	4	4
ENSG00000169744	4	5	4	4	4
ENSG00000099260	4	5	4	4	4
ENSG00000196843	4	5	4	4	4
ENSG00000070087	4	5	4	4	4
ENSG00000171681	4	5	4	4	4
ENSG00000243279	4	5	4	4	4
ENSG00000102760	4	5	4	4	4
ENSG00000173728	4	5	4	4	4
ENSG00000119326	4	5	4	4	4
ENSG00000175215	4	5	4	4	4
ENSG00000117586	4	5	4	4	4
ENSG00000169813	4	5	4	4	4
ENSG00000117152	4	5	4	4	4
ENSG00000168724	4	5	4	4	4
ENSG00000067082	4	5	4	4	4
ENSG00000163131	4	5	4	4	4
ENSG00000162511	4	5	4	4	4
ENSG00000161835	4	5	4	4	4
ENSG00000159723	4	5	4	4	4
ENSG00000157227	4	5	4	4	4
ENSG00000155330	4	5	4	4	4
DUMMY67	-100	-100	-100	-100	-100
ENSG00000022277	3	2	3	3	3
ENSG00000156802	3	2	3	3	3
ENSG00000156853	3	2	3	3	3
ENSG00000156787	3	2	3	3	3
ENSG00000155115	3	2	3	3	3
ENSG00000152219	3	2	3	3	3
ENSG00000140395	3	2	3	3	3
ENSG00000106460	3	2	3	3	3
ENSG00000177868	3	2	3	3	3
ENSG00000172081	3	2	3	3	3
ENSG00000185946	3	2	3	3	3
ENSG00000118680	3	2	3	3	3
ENSG00000213123	3	2	3	3	3
ENSG00000123374	3	2	3	3	3
ENSG00000141965	3	2	3	3	3
ENSG00000108963	3	2	3	3	3
ENSG00000169607	3	2	3	3	3
ENSG00000113845	3	2	3	3	3
ENSG00000079785	3	2	3	3	3
ENSG00000197324	3	2	3	3	3
ENSG00000122545	3	2	3	3	3
ENSG00000145386	3	2	3	3	3
ENSG00000135070	3	2	3	3	3
ENSG00000163159	3	2	3	3	3
ENSG00000112305	3	2	3	3	3
ENSG00000082212	3	2	3	3	3
ENSG00000181938	3	2	3	3	3
ENSG00000100815	3	2	3	3	3
ENSG00000154240	3	2	3	3	3
ENSG00000142534	3	2	3	3	3
ENSG00000132823	3	2	3	3	3
ENSG00000103544	3	2	3	3	3
ENSG00000197496	3	2	3	3	3
ENSG00000197355	3	2	3	3	3
ENSG00000198815	3	2	3	3	3
ENSG00000120948	3	2	3	3	3
ENSG00000148824	3	2	3	3	3
ENSG00000136930	3	2	3	3	3
ENSG00000106636	3	2	3	3	3
ENSG00000171703	3	2	3	3	3
ENSG00000171700	3	2	3	3	3
ENSG00000105127	3	2	3	3	3
ENSG00000130517	3	2	3	3	3
ENSG00000230055	3	2	3	3	3
ENSG00000198728	3	2	3	3	3
ENSG00000128928	3	2	3	3	3
ENSG00000146842	3	2	3	3	3
ENSG00000137815	3	2	3	3	3
ENSG00000162601	3	2	3	3	3
ENSG00000160221	3	2	3	3	3
ENSG00000108270	3	2	3	3	3
ENSG00000197121	3	2	3	3	3
ENSG00000041802	3	2	3	3	3
ENSG00000179085	3	2	3	3	3
ENSG00000115875	3	2	3	3	3
ENSG00000124193	3	2	3	3	3
ENSG00000214309	3	2	3	3	3
ENSG00000205707	3	2	3	3	3
ENSG00000101596	3	2	3	3	3
ENSG00000142945	3	2	3	3	3
ENSG00000135736	3	2	3	3	3
ENSG00000166479	3	2	3	3	3
ENSG00000113387	3	2	3	3	3
ENSG00000143624	3	2	3	3	3
ENSG00000188021	3	2	3	3	3
ENSG00000182934	3	2	3	3	3
ENSG00000143793	3	2	3	3	3
ENSG00000144747	3	2	3	3	3
ENSG00000145833	3	2	3	3	3
ENSG00000213995	3	2	3	3	3
ENSG00000122958	3	2	3	3	3
ENSG00000180098	3	2	3	3	3
ENSG00000115325	3	2	3	3	3
ENSG00000175643	3	2	3	3	3
ENSG00000115241	3	2	3	3	3
ENSG00000165055	3	2	3	3	3
ENSG00000113161	3	2	3	3	3
ENSG00000163481	3	2	3	3	3
ENSG00000112877	3	2	3	3	3
ENSG00000166548	3	2	3	3	3
ENSG00000112739	3	2	3	3	3
ENSG00000165264	3	2	3	3	3
ENSG00000164405	3	2	3	3	3
ENSG00000164045	3	2	3	3	3
ENSG00000064703	3	2	3	3	3
ENSG00000151725	3	2	3	3	3
ENSG00000111196	3	2	3	3	3
ENSG00000156482	3	2	3	3	3
ENSG00000090054	3	2	3	3	3
DUMMY68	-100	-100	-100	-100	-100
ENSG00000001629	2	2	2	5	5
ENSG00000170734	2	2	2	5	5
ENSG00000105063	2	2	2	5	5
ENSG00000136937	2	2	2	5	5
ENSG00000110514	2	2	2	5	5
ENSG00000155111	2	2	2	5	5
ENSG00000165097	2	2	2	5	5
ENSG00000110756	2	2	2	5	5
ENSG00000083168	2	2	2	5	5
ENSG00000105983	2	2	2	5	5
ENSG00000188559	2	2	2	5	5
ENSG00000070081	2	2	2	5	5
ENSG00000106462	2	2	2	5	5
ENSG00000144485	2	2	2	5	5
ENSG00000137878	2	2	2	5	5
ENSG00000137992	2	2	2	5	5
ENSG00000164304	2	2	2	5	5
ENSG00000112992	2	2	2	5	5
ENSG00000141027	2	2	2	5	5
ENSG00000102886	2	2	2	5	5
ENSG00000198793	2	2	2	5	5
ENSG00000160014	2	2	2	5	5
ENSG00000006715	2	2	2	5	5
ENSG00000141577	2	2	2	5	5
ENSG00000151470	2	2	2	5	5
ENSG00000145495	2	2	2	5	5
ENSG00000145782	2	2	2	5	5
ENSG00000147050	2	2	2	5	5
ENSG00000196323	2	2	2	5	5
ENSG00000196961	2	2	2	5	5
ENSG00000130699	2	2	2	5	5
ENSG00000185697	2	2	2	5	5
ENSG00000116668	2	2	2	5	5
ENSG00000198246	2	2	2	5	5
ENSG00000039319	2	2	2	5	5
ENSG00000197147	2	2	2	5	5
ENSG00000115904	2	2	2	5	5
ENSG00000185909	2	2	2	5	5
ENSG00000182667	2	2	2	5	5
ENSG00000175115	2	2	2	5	5
ENSG00000037749	2	2	2	5	5
ENSG00000168395	2	2	2	5	5
ENSG00000114735	2	2	2	5	5
DUMMY69	-100	-100	-100	-100	-100
ENSG00000023228	1	2	2	2	2
ENSG00000138463	1	2	2	2	2
ENSG00000109736	1	2	2	2	2
ENSG00000088387	1	2	2	2	2
ENSG00000179632	1	2	2	2	2
ENSG00000175550	1	2	2	2	2
ENSG00000106245	1	2	2	2	2
ENSG00000185504	1	2	2	2	2
ENSG00000121073	1	2	2	2	2
ENSG00000109083	1	2	2	2	2
ENSG00000136897	1	2	2	2	2
ENSG00000072210	1	2	2	2	2
ENSG00000205571	1	2	2	2	2
ENSG00000256053	1	2	2	2	2
ENSG00000048028	1	2	2	2	2
ENSG00000170584	1	2	2	2	2
ENSG00000203667	1	2	2	2	2
ENSG00000128159	1	2	2	2	2
ENSG00000181991	1	2	2	2	2
ENSG00000068903	1	2	2	2	2
ENSG00000172869	1	2	2	2	2
ENSG00000165322	1	2	2	2	2
ENSG00000163467	1	2	2	2	2
ENSG00000034693	1	2	2	2	2
ENSG00000162032	1	2	2	2	2
ENSG00000156973	1	2	2	2	2
ENSG00000151532	1	2	2	2	2
ENSG00000029364	1	2	2	2	2
DUMMY70	-100	-100	-100	-100	-100
ENSG00000080189	3	2	3	5	5
ENSG00000160710	3	2	3	5	5
ENSG00000152520	3	2	3	5	5
ENSG00000145819	3	2	3	5	5
ENSG00000134698	3	2	3	5	5
ENSG00000107874	3	2	3	5	5
ENSG00000151466	3	2	3	5	5
ENSG00000152284	3	2	3	5	5
ENSG00000196935	3	2	3	5	5
ENSG00000121481	3	2	3	5	5
ENSG00000198752	3	2	3	5	5
ENSG00000119900	3	2	3	5	5
ENSG00000179409	3	2	3	5	5
ENSG00000100722	3	2	3	5	5
ENSG00000171067	3	2	3	5	5
ENSG00000100485	3	2	3	5	5
ENSG00000173818	3	2	3	5	5
ENSG00000114770	3	2	3	5	5
ENSG00000168970	3	2	3	5	5
ENSG00000166225	3	2	3	5	5
ENSG00000165669	3	2	3	5	5
ENSG00000161179	3	2	3	5	5
DUMMY71	-100	-100	-100	-100	-100
ENSG00000006712	3	2	2	2	2
ENSG00000241058	3	2	2	2	2
ENSG00000175334	3	2	2	2	2
ENSG00000108578	3	2	2	2	2
ENSG00000038358	3	2	2	2	2
ENSG00000166199	3	2	2	2	2
ENSG00000107949	3	2	2	2	2
ENSG00000111481	3	2	2	2	2
ENSG00000155827	3	2	2	2	2
ENSG00000104825	3	2	2	2	2
ENSG00000103549	3	2	2	2	2
ENSG00000106546	3	2	2	2	2
ENSG00000135018	3	2	2	2	2
ENSG00000135972	3	2	2	2	2
ENSG00000139921	3	2	2	2	2
ENSG00000146223	3	2	2	2	2
ENSG00000151012	3	2	2	2	2
ENSG00000124422	3	2	2	2	2
ENSG00000211456	3	2	2	2	2
ENSG00000205208	3	2	2	2	2
ENSG00000124789	3	2	2	2	2
ENSG00000101109	3	2	2	2	2
ENSG00000178295	3	2	2	2	2
ENSG00000120008	3	2	2	2	2
ENSG00000174173	3	2	2	2	2
ENSG00000087448	3	2	2	2	2
ENSG00000115677	3	2	2	2	2
ENSG00000167315	3	2	2	2	2
ENSG00000085365	3	2	2	2	2
ENSG00000111602	3	2	2	2	2
ENSG00000151689	3	2	2	2	2
ENSG00000081692	3	2	2	2	2
ENSG00000105879	3	2	2	2	2
ENSG00000131375	3	2	2	2	2
ENSG00000137522	3	2	2	2	2
ENSG00000141349	3	2	2	2	2
ENSG00000150768	3	2	2	2	2
ENSG00000124357	3	2	2	2	2
ENSG00000185507	3	2	2	2	2
ENSG00000254470	3	2	2	2	2
ENSG00000126903	3	2	2	2	2
ENSG00000121774	3	2	2	2	2
ENSG00000176783	3	2	2	2	2
ENSG00000127580	3	2	2	2	2
ENSG00000244038	3	2	2	2	2
ENSG00000188603	3	2	2	2	2
ENSG00000128228	3	2	2	2	2
ENSG00000079459	3	2	2	2	2
ENSG00000114902	3	2	2	2	2
ENSG00000164532	3	2	2	2	2
ENSG00000077312	3	2	2	2	2
ENSG00000089737	3	2	2	2	2
ENSG00000157456	3	2	2	2	2
ENSG00000149182	3	2	2	2	2
ENSG00000112282	3	2	2	2	2
ENSG00000018699	3	2	2	2	2
ENSG00000135124	3	2	2	2	2
ENSG00000172336	3	2	2	2	2
ENSG00000120694	3	2	2	2	2
ENSG00000140264	3	2	2	2	2
ENSG00000185670	3	2	2	2	2
ENSG00000122705	3	2	2	2	2
ENSG00000182810	3	2	2	2	2
ENSG00000122692	3	2	2	2	2
ENSG00000183283	3	2	2	2	2
ENSG00000101310	3	2	2	2	2
ENSG00000172339	3	2	2	2	2
ENSG00000100395	3	2	2	2	2
ENSG00000175467	3	2	2	2	2
ENSG00000117748	3	2	2	2	2
ENSG00000169592	3	2	2	2	2
ENSG00000116906	3	2	2	2	2
ENSG00000172590	3	2	2	2	2
ENSG00000100221	3	2	2	2	2
ENSG00000166477	3	2	2	2	2
ENSG00000100075	3	2	2	2	2
ENSG00000169660	3	2	2	2	2
ENSG00000099949	3	2	2	2	2
ENSG00000167740	3	2	2	2	2
ENSG00000115896	3	2	2	2	2
ENSG00000163832	3	2	2	2	2
ENSG00000099800	3	2	2	2	2
ENSG00000163468	3	2	2	2	2
ENSG00000114739	3	2	2	2	2
ENSG00000162377	3	2	2	2	2
ENSG00000114388	3	2	2	2	2
DUMMY72	-100	-100	-100	-100	-100
ENSG00000011638	2	3	3	3	3
ENSG00000182010	2	3	3	3	3
ENSG00000111666	2	3	3	3	3
ENSG00000160799	2	3	3	3	3
ENSG00000124587	2	3	3	3	3
ENSG00000187068	2	3	3	3	3
ENSG00000238227	2	3	3	3	3
ENSG00000125534	2	3	3	3	3
ENSG00000146007	2	3	3	3	3
ENSG00000145604	2	3	3	3	3
ENSG00000145491	2	3	3	3	3
ENSG00000085978	2	3	3	3	3
ENSG00000077232	2	3	3	3	3
ENSG00000083123	2	3	3	3	3
ENSG00000142039	2	3	3	3	3
ENSG00000107651	2	3	3	3	3
ENSG00000105875	2	3	3	3	3
ENSG00000106853	2	3	3	3	3
ENSG00000139631	2	3	3	3	3
ENSG00000131437	2	3	3	3	3
ENSG00000138036	2	3	3	3	3
ENSG00000135698	2	3	3	3	3
ENSG00000136935	2	3	3	3	3
ENSG00000138035	2	3	3	3	3
ENSG00000139350	2	3	3	3	3
ENSG00000141141	2	3	3	3	3
ENSG00000144959	2	3	3	3	3
ENSG00000146676	2	3	3	3	3
ENSG00000152193	2	3	3	3	3
ENSG00000101350	2	3	3	3	3
ENSG00000177613	2	3	3	3	3
ENSG00000051180	2	3	3	3	3
ENSG00000156642	2	3	3	3	3
ENSG00000109618	2	3	3	3	3
ENSG00000178802	2	3	3	3	3
ENSG00000100784	2	3	3	3	3
ENSG00000126456	2	3	3	3	3
ENSG00000258429	2	3	3	3	3
ENSG00000233927	2	3	3	3	3
ENSG00000102900	2	3	3	3	3
ENSG00000169621	2	3	3	3	3
ENSG00000070495	2	3	3	3	3
ENSG00000184203	2	3	3	3	3
ENSG00000123268	2	3	3	3	3
ENSG00000101464	2	3	3	3	3
ENSG00000181396	2	3	3	3	3
ENSG00000197771	2	3	3	3	3
ENSG00000048140	2	3	3	3	3
ENSG00000163444	2	3	3	3	3
ENSG00000163170	2	3	3	3	3
ENSG00000125246	2	3	3	3	3
ENSG00000197776	2	3	3	3	3
ENSG00000197498	2	3	3	3	3
ENSG00000072958	2	3	3	3	3
ENSG00000159377	2	3	3	3	3
ENSG00000111877	2	3	3	3	3
ENSG00000174720	2	3	3	3	3
ENSG00000100483	2	3	3	3	3
ENSG00000173545	2	3	3	3	3
ENSG00000117691	2	3	3	3	3
ENSG00000169908	2	3	3	3	3
ENSG00000117305	2	3	3	3	3
ENSG00000170955	2	3	3	3	3
ENSG00000117280	2	3	3	3	3
ENSG00000168374	2	3	3	3	3
ENSG00000237190	2	3	3	3	3
ENSG00000130175	2	3	3	3	3
ENSG00000168495	2	3	3	3	3
ENSG00000100271	2	3	3	3	3
ENSG00000165424	2	3	3	3	3
ENSG00000115137	2	3	3	3	3
ENSG00000165689	2	3	3	3	3
ENSG00000114698	2	3	3	3	3
ENSG00000164134	2	3	3	3	3
ENSG00000095209	2	3	3	3	3
ENSG00000165879	2	3	3	3	3
ENSG00000112977	2	3	3	3	3
DUMMY73	-100	-100	-100	-100	-100
ENSG00000069956	4	4	4	5	5
ENSG00000170873	4	4	4	5	5
ENSG00000121274	4	4	4	5	5
ENSG00000176532	4	4	4	5	5
ENSG00000109089	4	4	4	5	5
ENSG00000159733	4	4	4	5	5
ENSG00000162337	4	4	4	5	5
ENSG00000155313	4	4	4	5	5
ENSG00000110651	4	4	4	5	5
ENSG00000148341	4	4	4	5	5
ENSG00000131507	4	4	4	5	5
ENSG00000152137	4	4	4	5	5
ENSG00000136383	4	4	4	5	5
ENSG00000143603	4	4	4	5	5
ENSG00000156273	4	4	4	5	5
ENSG00000130635	4	4	4	5	5
ENSG00000197122	4	4	4	5	5
ENSG00000180917	4	4	4	5	5
ENSG00000101972	4	4	4	5	5
ENSG00000168310	4	4	4	5	5
ENSG00000114331	4	4	4	5	5
ENSG00000163399	4	4	4	5	5
ENSG00000090776	4	4	4	5	5
DUMMY74	-100	-100	-100	-100	-100
ENSG00000005243	5	3	5	5	5
ENSG00000111199	5	3	5	5	5
ENSG00000162777	5	3	5	5	5
ENSG00000155792	5	3	5	5	5
ENSG00000110660	5	3	5	5	5
ENSG00000185652	5	3	5	5	5
ENSG00000047457	5	3	5	5	5
ENSG00000181785	5	3	5	5	5
ENSG00000006453	5	3	5	5	5
ENSG00000054690	5	3	5	5	5
ENSG00000128422	5	3	5	5	5
ENSG00000267796	5	3	5	5	5
ENSG00000216490	5	3	5	5	5
ENSG00000127561	5	3	5	5	5
ENSG00000104808	5	3	5	5	5
ENSG00000173611	5	3	5	5	5
ENSG00000118520	5	3	5	5	5
ENSG00000104848	5	3	5	5	5
ENSG00000170381	5	3	5	5	5
ENSG00000116731	5	3	5	5	5
ENSG00000108001	5	3	5	5	5
ENSG00000166407	5	3	5	5	5
ENSG00000099822	5	3	5	5	5
ENSG00000109610	5	3	5	5	5
ENSG00000167880	5	3	5	5	5
ENSG00000113721	5	3	5	5	5
ENSG00000131374	5	3	5	5	5
ENSG00000157927	5	3	5	5	5
ENSG00000111816	5	3	5	5	5
ENSG00000133083	5	3	5	5	5
ENSG00000158220	5	3	5	5	5
ENSG00000158022	5	3	5	5	5
ENSG00000134343	5	3	5	5	5
ENSG00000134864	5	3	5	5	5
ENSG00000135842	5	3	5	5	5
ENSG00000136235	5	3	5	5	5
ENSG00000139780	5	3	5	5	5
ENSG00000142675	5	3	5	5	5
ENSG00000147251	5	3	5	5	5
ENSG00000148346	5	3	5	5	5
ENSG00000149970	5	3	5	5	5
ENSG00000124588	5	3	5	5	5
ENSG00000213672	5	3	5	5	5
ENSG00000203786	5	3	5	5	5
ENSG00000102128	5	3	5	5	5
ENSG00000183597	5	3	5	5	5
ENSG00000122378	5	3	5	5	5
ENSG00000178234	5	3	5	5	5
ENSG00000042813	5	3	5	5	5
ENSG00000163792	5	3	5	5	5
ENSG00000069020	5	3	5	5	5
DUMMY75	-100	-100	-100	-100	-100
ENSG00000066651	3	5	3	2	2
ENSG00000137216	3	5	3	2	2
ENSG00000130803	3	5	3	2	2
ENSG00000173933	3	5	3	2	2
ENSG00000139651	3	5	3	2	2
ENSG00000127990	3	5	3	2	2
ENSG00000149547	3	5	3	2	2
ENSG00000183032	3	5	3	2	2
ENSG00000129226	3	5	3	2	2
ENSG00000120800	3	5	3	2	2
ENSG00000147586	3	5	3	2	2
ENSG00000131747	3	5	3	2	2
ENSG00000108798	3	5	3	2	2
ENSG00000113300	3	5	3	2	2
ENSG00000137831	3	5	3	2	2
ENSG00000132591	3	5	3	2	2
ENSG00000089775	3	5	3	2	2
DUMMY76	-100	-100	-100	-100	-100
ENSG00000008256	4	5	5	5	5
ENSG00000156313	4	5	5	5	5
ENSG00000156860	4	5	5	5	5
ENSG00000144283	4	5	5	5	5
ENSG00000110841	4	5	5	5	5
ENSG00000125845	4	5	5	5	5
ENSG00000196329	4	5	5	5	5
ENSG00000188800	4	5	5	5	5
ENSG00000124126	4	5	5	5	5
ENSG00000128340	4	5	5	5	5
ENSG00000197712	4	5	5	5	5
ENSG00000187600	4	5	5	5	5
ENSG00000125841	4	5	5	5	5
ENSG00000183337	4	5	5	5	5
ENSG00000120693	4	5	5	5	5
ENSG00000129467	4	5	5	5	5
ENSG00000204767	4	5	5	5	5
ENSG00000198794	4	5	5	5	5
ENSG00000050820	4	5	5	5	5
ENSG00000184254	4	5	5	5	5
ENSG00000115380	4	5	5	5	5
ENSG00000054967	4	5	5	5	5
ENSG00000166289	4	5	5	5	5
ENSG00000166002	4	5	5	5	5
ENSG00000058668	4	5	5	5	5
ENSG00000061676	4	5	5	5	5
ENSG00000105928	4	5	5	5	5
ENSG00000107719	4	5	5	5	5
ENSG00000131370	4	5	5	5	5
ENSG00000136928	4	5	5	5	5
ENSG00000145335	4	5	5	5	5
ENSG00000150628	4	5	5	5	5
ENSG00000182545	4	5	5	5	5
ENSG00000123338	4	5	5	5	5
ENSG00000108557	4	5	5	5	5
ENSG00000185633	4	5	5	5	5
ENSG00000116667	4	5	5	5	5
ENSG00000131759	4	5	5	5	5
ENSG00000169242	4	5	5	5	5
ENSG00000169083	4	5	5	5	5
ENSG00000135540	4	5	5	5	5
ENSG00000136813	4	5	5	5	5
ENSG00000137731	4	5	5	5	5
ENSG00000138744	4	5	5	5	5
ENSG00000139318	4	5	5	5	5
ENSG00000139926	4	5	5	5	5
ENSG00000149609	4	5	5	5	5
ENSG00000146678	4	5	5	5	5
ENSG00000179242	4	5	5	5	5
ENSG00000176597	4	5	5	5	5
ENSG00000147432	4	5	5	5	5
ENSG00000156127	4	5	5	5	5
ENSG00000196155	4	5	5	5	5
ENSG00000101096	4	5	5	5	5
ENSG00000075539	4	5	5	5	5
ENSG00000101871	4	5	5	5	5
ENSG00000196782	4	5	5	5	5
ENSG00000073464	4	5	5	5	5
ENSG00000176399	4	5	5	5	5
ENSG00000175274	4	5	5	5	5
ENSG00000172031	4	5	5	5	5
ENSG00000169925	4	5	5	5	5
ENSG00000165752	4	5	5	5	5
ENSG00000112759	4	5	5	5	5
ENSG00000155849	4	5	5	5	5
ENSG00000091490	4	5	5	5	5
ENSG00000150457	4	5	5	5	5
ENSG00000111859	4	5	5	5	5
DUMMY78	-100	-100	-100	-100	-100
ENSG00000090316	2	4	4	5	5
ENSG00000163785	2	4	4	5	5
ENSG00000157214	2	4	4	5	5
ENSG00000156463	2	4	4	5	5
ENSG00000105926	2	4	4	5	5
ENSG00000138675	2	4	4	5	5
ENSG00000145703	2	4	4	5	5
ENSG00000149021	2	4	4	5	5
ENSG00000149380	2	4	4	5	5
ENSG00000213420	2	4	4	5	5
ENSG00000205038	2	4	4	5	5
ENSG00000126001	2	4	4	5	5
ENSG00000189058	2	4	4	5	5
ENSG00000182568	2	4	4	5	5
ENSG00000180190	2	4	4	5	5
ENSG00000179588	2	4	4	5	5
ENSG00000165959	2	4	4	5	5
ENSG00000114450	2	4	4	5	5
DUMMY79	-100	-100	-100	-100	-100
ENSG00000005889	1	2	1	1	1
ENSG00000169683	1	2	1	1	1
ENSG00000100258	1	2	1	1	1
ENSG00000172932	1	2	1	1	1
ENSG00000102904	1	2	1	1	1
ENSG00000272333	1	2	1	1	1
ENSG00000203780	1	2	1	1	1
ENSG00000127054	1	2	1	1	1
ENSG00000120697	1	2	1	1	1
ENSG00000177963	1	2	1	1	1
ENSG00000150667	1	2	1	1	1
ENSG00000142303	1	2	1	1	1
ENSG00000141258	1	2	1	1	1
ENSG00000077458	1	2	1	1	1
ENSG00000112110	1	2	1	1	1
ENSG00000163536	1	2	1	1	1
ENSG00000160803	1	2	1	1	1
ENSG00000110697	1	2	1	1	1
ENSG00000134901	1	2	1	1	1
ENSG00000139842	1	2	1	1	1
ENSG00000105467	1	2	1	1	1
ENSG00000125885	1	2	1	1	1
ENSG00000188766	1	2	1	1	1
ENSG00000185561	1	2	1	1	1
ENSG00000072954	1	2	1	1	1
ENSG00000167595	1	2	1	1	1
ENSG00000165898	1	2	1	1	1
ENSG00000163462	1	2	1	1	1
ENSG00000092067	1	2	1	1	1
DUMMY80	-100	-100	-100	-100	-100
ENSG00000000419	2	3	2	2	2
ENSG00000007341	2	3	2	2	2
ENSG00000213588	2	3	2	2	2
ENSG00000128923	2	3	2	2	2
ENSG00000100991	2	3	2	2	2
ENSG00000180447	2	3	2	2	2
ENSG00000116141	2	3	2	2	2
ENSG00000175073	2	3	2	2	2
ENSG00000126214	2	3	2	2	2
ENSG00000222011	2	3	2	2	2
ENSG00000166997	2	3	2	2	2
ENSG00000129282	2	3	2	2	2
ENSG00000121211	2	3	2	2	2
ENSG00000183513	2	3	2	2	2
ENSG00000149289	2	3	2	2	2
ENSG00000136878	2	3	2	2	2
ENSG00000136463	2	3	2	2	2
ENSG00000113597	2	3	2	2	2
ENSG00000167863	2	3	2	2	2
ENSG00000116754	2	3	2	2	2
ENSG00000177082	2	3	2	2	2
ENSG00000122971	2	3	2	2	2
ENSG00000188342	2	3	2	2	2
ENSG00000148343	2	3	2	2	2
ENSG00000136448	2	3	2	2	2
ENSG00000135956	2	3	2	2	2
ENSG00000135587	2	3	2	2	2
ENSG00000168701	2	3	2	2	2
ENSG00000170043	2	3	2	2	2
ENSG00000117222	2	3	2	2	2
ENSG00000178913	2	3	2	2	2
ENSG00000014123	2	3	2	2	2
ENSG00000155100	2	3	2	2	2
ENSG00000152133	2	3	2	2	2
ENSG00000186063	2	3	2	2	2
ENSG00000071889	2	3	2	2	2
ENSG00000051596	2	3	2	2	2
ENSG00000131143	2	3	2	2	2
ENSG00000139180	2	3	2	2	2
ENSG00000124257	2	3	2	2	2
ENSG00000196678	2	3	2	2	2
ENSG00000196151	2	3	2	2	2
ENSG00000101624	2	3	2	2	2
ENSG00000178127	2	3	2	2	2
ENSG00000120705	2	3	2	2	2
ENSG00000175573	2	3	2	2	2
ENSG00000172602	2	3	2	2	2
ENSG00000163516	2	3	2	2	2
ENSG00000064933	2	3	2	2	2
ENSG00000055950	2	3	2	2	2
ENSG00000104883	2	3	2	2	2
ENSG00000134278	2	3	2	2	2
ENSG00000148229	2	3	2	2	2
ENSG00000187742	2	3	2	2	2
ENSG00000011478	2	3	2	2	2
ENSG00000181873	2	3	2	2	2
ENSG00000042445	2	3	2	2	2
ENSG00000171453	2	3	2	2	2
ENSG00000116752	2	3	2	2	2
ENSG00000172939	2	3	2	2	2
ENSG00000116497	2	3	2	2	2
ENSG00000172167	2	3	2	2	2
ENSG00000171960	2	3	2	2	2
ENSG00000169598	2	3	2	2	2
ENSG00000114054	2	3	2	2	2
ENSG00000160688	2	3	2	2	2
ENSG00000065883	2	3	2	2	2
ENSG00000164054	2	3	2	2	2
ENSG00000113108	2	3	2	2	2
ENSG00000163682	2	3	2	2	2
ENSG00000092020	2	3	2	2	2
ENSG00000159147	2	3	2	2	2
ENSG00000111832	2	3	2	2	2
ENSG00000162402	2	3	2	2	2
ENSG00000111802	2	3	2	2	2
ENSG00000160714	2	3	2	2	2
ENSG00000009830	2	3	2	2	2
ENSG00000154803	2	3	2	2	2
ENSG00000110717	2	3	2	2	2
DUMMY81	-100	-100	-100	-100	-100
ENSG00000080493	5	3	3	3	3
ENSG00000154518	5	3	3	3	3
ENSG00000152056	5	3	3	3	3
ENSG00000107281	5	3	3	3	3
ENSG00000134215	5	3	3	3	3
ENSG00000136856	5	3	3	3	3
ENSG00000137691	5	3	3	3	3
ENSG00000148848	5	3	3	3	3
ENSG00000222014	5	3	3	3	3
ENSG00000123106	5	3	3	3	3
ENSG00000188878	5	3	3	3	3
ENSG00000164221	5	3	3	3	3
ENSG00000163393	5	3	3	3	3
ENSG00000111276	5	3	3	3	3
DUMMY82	-100	-100	-100	-100	-100
ENSG00000049323	2	3	3	5	5
ENSG00000205808	2	3	3	5	5
ENSG00000198892	2	3	3	5	5
ENSG00000102879	2	3	3	5	5
ENSG00000147010	2	3	3	5	5
ENSG00000136425	2	3	3	5	5
ENSG00000156831	2	3	3	5	5
ENSG00000159433	2	3	3	5	5
ENSG00000163029	2	3	3	5	5
ENSG00000162804	2	3	3	5	5
ENSG00000104324	2	3	3	5	5
ENSG00000105982	2	3	3	5	5
ENSG00000138031	2	3	3	5	5
ENSG00000138613	2	3	3	5	5
ENSG00000141002	2	3	3	5	5
ENSG00000151702	2	3	3	5	5
ENSG00000156469	2	3	3	5	5
ENSG00000129566	2	3	3	5	5
ENSG00000239672	2	3	3	5	5
ENSG00000189120	2	3	3	5	5
ENSG00000127564	2	3	3	5	5
ENSG00000175662	2	3	3	5	5
ENSG00000114904	2	3	3	5	5
ENSG00000167081	2	3	3	5	5
ENSG00000166507	2	3	3	5	5
ENSG00000164300	2	3	3	5	5
ENSG00000112679	2	3	3	5	5
ENSG00000162409	2	3	3	5	5
ENSG00000161021	2	3	3	5	5
DUMMY84	-100	-100	-100	-100	-100
ENSG00000004468	5	1	5	5	5
ENSG00000186143	5	1	5	5	5
ENSG00000146021	5	1	5	5	5
ENSG00000138829	5	1	5	5	5
ENSG00000112116	5	1	5	5	5
ENSG00000162104	5	1	5	5	5
ENSG00000119508	5	1	5	5	5
ENSG00000189079	5	1	5	5	5
ENSG00000145826	5	1	5	5	5
ENSG00000138152	5	1	5	5	5
ENSG00000132639	5	1	5	5	5
ENSG00000115353	5	1	5	5	5
ENSG00000183347	5	1	5	5	5
ENSG00000101197	5	1	5	5	5
ENSG00000188959	5	1	5	5	5
ENSG00000135378	5	1	5	5	5
ENSG00000132518	5	1	5	5	5
ENSG00000158445	5	1	5	5	5
ENSG00000158874	5	1	5	5	5
ENSG00000117472	5	1	5	5	5
ENSG00000196344	5	1	5	5	5
ENSG00000101440	5	1	5	5	5
ENSG00000198223	5	1	5	5	5
ENSG00000131126	5	1	5	5	5
ENSG00000109381	5	1	5	5	5
ENSG00000167414	5	1	5	5	5
ENSG00000168453	5	1	5	5	5
ENSG00000084710	5	1	5	5	5
ENSG00000156218	5	1	5	5	5
ENSG00000151892	5	1	5	5	5
ENSG00000142233	5	1	5	5	5
ENSG00000197110	5	1	5	5	5
ENSG00000121753	5	1	5	5	5
ENSG00000174500	5	1	5	5	5
ENSG00000172940	5	1	5	5	5
ENSG00000104903	5	1	5	5	5
ENSG00000105392	5	1	5	5	5
ENSG00000142920	5	1	5	5	5
ENSG00000129757	5	1	5	5	5
ENSG00000214360	5	1	5	5	5
ENSG00000198471	5	1	5	5	5
ENSG00000102104	5	1	5	5	5
ENSG00000172289	5	1	5	5	5
ENSG00000171940	5	1	5	5	5
ENSG00000105427	5	1	5	5	5
ENSG00000105655	5	1	5	5	5
ENSG00000145217	5	1	5	5	5
ENSG00000128268	5	1	5	5	5
ENSG00000198851	5	1	5	5	5
ENSG00000149043	5	1	5	5	5
ENSG00000013563	5	1	5	5	5
ENSG00000175920	5	1	5	5	5
ENSG00000174945	5	1	5	5	5
ENSG00000189325	5	1	5	5	5
ENSG00000100399	5	1	5	5	5
ENSG00000129465	5	1	5	5	5
ENSG00000188761	5	1	5	5	5
ENSG00000188340	5	1	5	5	5
ENSG00000129221	5	1	5	5	5
ENSG00000182326	5	1	5	5	5
ENSG00000116852	5	1	5	5	5
ENSG00000186567	5	1	5	5	5
ENSG00000067715	5	1	5	5	5
ENSG00000183578	5	1	5	5	5
ENSG00000116014	5	1	5	5	5
ENSG00000184828	5	1	5	5	5
ENSG00000183662	5	1	5	5	5
ENSG00000171608	5	1	5	5	5
ENSG00000171604	5	1	5	5	5
ENSG00000170953	5	1	5	5	5
ENSG00000170049	5	1	5	5	5
ENSG00000166743	5	1	5	5	5
ENSG00000112812	5	1	5	5	5
ENSG00000169877	5	1	5	5	5
ENSG00000169783	5	1	5	5	5
ENSG00000164879	5	1	5	5	5
ENSG00000092295	5	1	5	5	5
ENSG00000164007	5	1	5	5	5
ENSG00000162398	5	1	5	5	5
ENSG00000158428	5	1	5	5	5
ENSG00000111052	5	1	5	5	5
DUMMY85	-100	-100	-100	-100	-100
ENSG00000001036	3	4	3	3	3
ENSG00000213281	3	4	3	3	3
ENSG00000196821	3	4	3	3	3
ENSG00000073060	3	4	3	3	3
ENSG00000101294	3	4	3	3	3
ENSG00000188419	3	4	3	3	3
ENSG00000136636	3	4	3	3	3
ENSG00000108639	3	4	3	3	3
ENSG00000110801	3	4	3	3	3
ENSG00000136444	3	4	3	3	3
ENSG00000135847	3	4	3	3	3
ENSG00000090432	3	4	3	3	3
ENSG00000145780	3	4	3	3	3
ENSG00000006282	3	4	3	3	3
ENSG00000179241	3	4	3	3	3
ENSG00000121350	3	4	3	3	3
ENSG00000176903	3	4	3	3	3
ENSG00000120709	3	4	3	3	3
ENSG00000166913	3	4	3	3	3
ENSG00000070269	3	4	3	3	3
ENSG00000167085	3	4	3	3	3
ENSG00000119912	3	4	3	3	3
ENSG00000163683	3	4	3	3	3
ENSG00000203760	3	4	3	3	3
ENSG00000128039	3	4	3	3	3
ENSG00000163113	3	4	3	3	3
ENSG00000118257	3	4	3	3	3
ENSG00000157045	3	4	3	3	3
ENSG00000117308	3	4	3	3	3
ENSG00000162378	3	4	3	3	3
ENSG00000115756	3	4	3	3	3
ENSG00000144935	3	4	3	3	3
ENSG00000115486	3	4	3	3	3
ENSG00000145331	3	4	3	3	3
ENSG00000037042	3	4	3	3	3
ENSG00000133884	3	4	3	3	3
ENSG00000030066	3	4	3	3	3
DUMMY86	-100	-100	-100	-100	-100
ENSG00000068745	3	1	1	2	2
ENSG00000168612	3	1	1	2	2
ENSG00000100393	3	1	1	2	2
ENSG00000173950	3	1	1	2	2
ENSG00000103111	3	1	1	2	2
ENSG00000219626	3	1	1	2	2
ENSG00000176907	3	1	1	2	2
ENSG00000124784	3	1	1	2	2
ENSG00000109065	3	1	1	2	2
ENSG00000107968	3	1	1	2	2
ENSG00000151835	3	1	1	2	2
ENSG00000158006	3	1	1	2	2
ENSG00000075651	3	1	1	2	2
ENSG00000166471	3	1	1	2	2
ENSG00000115307	3	1	1	2	2
DUMMY87	-100	-100	-100	-100	-100
ENSG00000010327	3	4	4	2	2
ENSG00000147687	3	4	4	2	2
ENSG00000151893	3	4	4	2	2
ENSG00000064115	3	4	4	2	2
ENSG00000061987	3	4	4	2	2
ENSG00000134109	3	4	4	2	2
ENSG00000138757	3	4	4	2	2
ENSG00000149932	3	4	4	2	2
ENSG00000164073	3	4	4	2	2
ENSG00000239305	3	4	4	2	2
ENSG00000101811	3	4	4	2	2
ENSG00000166508	3	4	4	2	2
ENSG00000116984	3	4	4	2	2
ENSG00000166912	3	4	4	2	2
ENSG00000115364	3	4	4	2	2
DUMMY88	-100	-100	-100	-100	-100
ENSG00000010704	4	5	4	3	3
ENSG00000143641	4	5	4	3	3
ENSG00000067167	4	5	4	3	3
ENSG00000169946	4	5	4	3	3
ENSG00000128989	4	5	4	3	3
ENSG00000197756	4	5	4	3	3
ENSG00000168918	4	5	4	3	3
ENSG00000064932	4	5	4	3	3
ENSG00000131504	4	5	4	3	3
ENSG00000131061	4	5	4	3	3
ENSG00000110880	4	5	4	3	3
ENSG00000173020	4	5	4	3	3
ENSG00000046889	4	5	4	3	3
ENSG00000136938	4	5	4	3	3
ENSG00000113083	4	5	4	3	3
DUMMY89	-100	-100	-100	-100	-100
ENSG00000023445	2	5	5	5	5
ENSG00000164949	2	5	5	5	5
ENSG00000166341	2	5	5	5	5
ENSG00000156162	2	5	5	5	5
ENSG00000089902	2	5	5	5	5
ENSG00000086730	2	5	5	5	5
ENSG00000150455	2	5	5	5	5
ENSG00000171456	2	5	5	5	5
ENSG00000171060	2	5	5	5	5
ENSG00000104081	2	5	5	5	5
ENSG00000132849	2	5	5	5	5
ENSG00000187231	2	5	5	5	5
ENSG00000118276	2	5	5	5	5
ENSG00000140527	2	5	5	5	5
ENSG00000137103	2	5	5	5	5
ENSG00000162076	2	5	5	5	5
ENSG00000169989	2	5	5	5	5
ENSG00000096968	2	5	5	5	5
ENSG00000138698	2	5	5	5	5
ENSG00000138756	2	5	5	5	5
ENSG00000186377	2	5	5	5	5
ENSG00000116017	2	5	5	5	5
ENSG00000143434	2	5	5	5	5
ENSG00000139218	2	5	5	5	5
ENSG00000205221	2	5	5	5	5
ENSG00000123700	2	5	5	5	5
ENSG00000163517	2	5	5	5	5
ENSG00000111912	2	5	5	5	5
ENSG00000140853	2	5	5	5	5
ENSG00000140950	2	5	5	5	5
ENSG00000186635	2	5	5	5	5
ENSG00000185527	2	5	5	5	5
ENSG00000143669	2	5	5	5	5
ENSG00000143952	2	5	5	5	5
ENSG00000183864	2	5	5	5	5
ENSG00000183579	2	5	5	5	5
ENSG00000144152	2	5	5	5	5
ENSG00000145623	2	5	5	5	5
ENSG00000124196	2	5	5	5	5
ENSG00000204624	2	5	5	5	5
ENSG00000244607	2	5	5	5	5
ENSG00000073146	2	5	5	5	5
ENSG00000145700	2	5	5	5	5
ENSG00000146247	2	5	5	5	5
ENSG00000148200	2	5	5	5	5
ENSG00000169762	2	5	5	5	5
ENSG00000114529	2	5	5	5	5
ENSG00000196233	2	5	5	5	5
ENSG00000101331	2	5	5	5	5
ENSG00000197696	2	5	5	5	5
ENSG00000122483	2	5	5	5	5
ENSG00000183576	2	5	5	5	5
ENSG00000183287	2	5	5	5	5
ENSG00000197142	2	5	5	5	5
ENSG00000121895	2	5	5	5	5
ENSG00000182993	2	5	5	5	5
ENSG00000254245	2	5	5	5	5
ENSG00000125965	2	5	5	5	5
ENSG00000181555	2	5	5	5	5
ENSG00000115464	2	5	5	5	5
ENSG00000182118	2	5	5	5	5
ENSG00000176018	2	5	5	5	5
ENSG00000175449	2	5	5	5	5
ENSG00000174903	2	5	5	5	5
ENSG00000174485	2	5	5	5	5
ENSG00000173064	2	5	5	5	5
ENSG00000169684	2	5	5	5	5
ENSG00000169248	2	5	5	5	5
ENSG00000167625	2	5	5	5	5
ENSG00000166813	2	5	5	5	5
ENSG00000164400	2	5	5	5	5
ENSG00000164038	2	5	5	5	5
DUMMY90	-100	-100	-100	-100	-100
ENSG00000029534	1	5	5	5	5
ENSG00000101850	1	5	5	5	5
ENSG00000197565	1	5	5	5	5
ENSG00000196632	1	5	5	5	5
ENSG00000101445	1	5	5	5	5
ENSG00000151704	1	5	5	5	5
ENSG00000154262	1	5	5	5	5
ENSG00000053438	1	5	5	5	5
ENSG00000131149	1	5	5	5	5
ENSG00000181035	1	5	5	5	5
ENSG00000117525	1	5	5	5	5
ENSG00000084674	1	5	5	5	5
ENSG00000132535	1	5	5	5	5
ENSG00000177565	1	5	5	5	5
ENSG00000119699	1	5	5	5	5
ENSG00000087301	1	5	5	5	5
ENSG00000135541	1	5	5	5	5
ENSG00000178921	1	5	5	5	5
ENSG00000118898	1	5	5	5	5
ENSG00000104941	1	5	5	5	5
ENSG00000105122	1	5	5	5	5
ENSG00000175707	1	5	5	5	5
ENSG00000215183	1	5	5	5	5
ENSG00000130433	1	5	5	5	5
ENSG00000135913	1	5	5	5	5
ENSG00000136098	1	5	5	5	5
ENSG00000135205	1	5	5	5	5
ENSG00000115170	1	5	5	5	5
ENSG00000136895	1	5	5	5	5
ENSG00000137872	1	5	5	5	5
ENSG00000171735	1	5	5	5	5
ENSG00000170791	1	5	5	5	5
ENSG00000138131	1	5	5	5	5
ENSG00000141519	1	5	5	5	5
ENSG00000170209	1	5	5	5	5
ENSG00000113594	1	5	5	5	5
ENSG00000144031	1	5	5	5	5
ENSG00000144488	1	5	5	5	5
ENSG00000168397	1	5	5	5	5
ENSG00000094755	1	5	5	5	5
ENSG00000148082	1	5	5	5	5
ENSG00000148680	1	5	5	5	5
ENSG00000149346	1	5	5	5	5
ENSG00000197790	1	5	5	5	5
ENSG00000072071	1	5	5	5	5
ENSG00000197321	1	5	5	5	5
ENSG00000047578	1	5	5	5	5
ENSG00000184465	1	5	5	5	5
ENSG00000070882	1	5	5	5	5
ENSG00000179981	1	5	5	5	5
ENSG00000100852	1	5	5	5	5
ENSG00000163154	1	5	5	5	5
ENSG00000112851	1	5	5	5	5
ENSG00000155714	1	5	5	5	5
ENSG00000091592	1	5	5	5	5
ENSG00000161798	1	5	5	5	5
ENSG00000161642	1	5	5	5	5
DUMMY91	-100	-100	-100	-100	-100
ENSG00000054793	5	4	5	5	5
ENSG00000240771	5	4	5	5	5
ENSG00000101443	5	4	5	5	5
ENSG00000179841	5	4	5	5	5
ENSG00000171517	5	4	5	5	5
ENSG00000166833	5	4	5	5	5
ENSG00000159166	5	4	5	5	5
ENSG00000149269	5	4	5	5	5
ENSG00000140563	5	4	5	5	5
ENSG00000134160	5	4	5	5	5
ENSG00000117266	5	4	5	5	5
ENSG00000110092	5	4	5	5	5
ENSG00000103647	5	4	5	5	5
ENSG00000076706	5	4	5	5	5
ENSG00000187045	5	4	5	5	5
ENSG00000103260	5	4	5	5	5
ENSG00000062038	5	4	5	5	5
ENSG00000176909	5	4	5	5	5
ENSG00000168952	5	4	5	5	5
ENSG00000165325	5	4	5	5	5
ENSG00000158869	5	4	5	5	5
ENSG00000147257	5	4	5	5	5
ENSG00000139187	5	4	5	5	5
ENSG00000133392	5	4	5	5	5
ENSG00000118492	5	4	5	5	5
ENSG00000111424	5	4	5	5	5
ENSG00000104824	5	4	5	5	5
ENSG00000086544	5	4	5	5	5
ENSG00000204219	5	4	5	5	5
ENSG00000074047	5	4	5	5	5
ENSG00000063180	5	4	5	5	5
ENSG00000182938	5	4	5	5	5
ENSG00000172640	5	4	5	5	5
ENSG00000167749	5	4	5	5	5
ENSG00000168267	5	4	5	5	5
ENSG00000159167	5	4	5	5	5
ENSG00000147799	5	4	5	5	5
ENSG00000140937	5	4	5	5	5
ENSG00000135175	5	4	5	5	5
ENSG00000122223	5	4	5	5	5
ENSG00000115594	5	4	5	5	5
ENSG00000108381	5	4	5	5	5
ENSG00000100285	5	4	5	5	5
ENSG00000079215	5	4	5	5	5
ENSG00000261857	5	4	5	5	5
ENSG00000101890	5	4	5	5	5
ENSG00000064195	5	4	5	5	5
ENSG00000184363	5	4	5	5	5
ENSG00000175336	5	4	5	5	5
ENSG00000168748	5	4	5	5	5
ENSG00000169903	5	4	5	5	5
ENSG00000101098	5	4	5	5	5
ENSG00000090661	5	4	5	5	5
ENSG00000141750	5	4	5	5	5
ENSG00000149634	5	4	5	5	5
ENSG00000110887	5	4	5	5	5
ENSG00000080007	5	4	5	5	5
ENSG00000133477	5	4	5	5	5
ENSG00000087495	5	4	5	5	5
ENSG00000198542	5	4	5	5	5
ENSG00000213023	5	4	5	5	5
ENSG00000075035	5	4	5	5	5
ENSG00000146005	5	4	5	5	5
ENSG00000109103	5	4	5	5	5
ENSG00000206557	5	4	5	5	5
ENSG00000238243	5	4	5	5	5
ENSG00000130675	5	4	5	5	5
ENSG00000215187	5	4	5	5	5
ENSG00000116183	5	4	5	5	5
ENSG00000137648	5	4	5	5	5
ENSG00000162374	5	4	5	5	5
ENSG00000092345	5	4	5	5	5
ENSG00000105428	5	4	5	5	5
ENSG00000205832	5	4	5	5	5
ENSG00000205595	5	4	5	5	5
ENSG00000134193	5	4	5	5	5
ENSG00000134909	5	4	5	5	5
ENSG00000205436	5	4	5	5	5
ENSG00000203734	5	4	5	5	5
ENSG00000135824	5	4	5	5	5
ENSG00000136630	5	4	5	5	5
ENSG00000161640	5	4	5	5	5
ENSG00000066405	5	4	5	5	5
ENSG00000137809	5	4	5	5	5
ENSG00000196154	5	4	5	5	5
ENSG00000185610	5	4	5	5	5
ENSG00000138615	5	4	5	5	5
ENSG00000139269	5	4	5	5	5
ENSG00000185070	5	4	5	5	5
ENSG00000181355	5	4	5	5	5
ENSG00000139438	5	4	5	5	5
ENSG00000148204	5	4	5	5	5
ENSG00000178826	5	4	5	5	5
ENSG00000178235	5	4	5	5	5
ENSG00000177106	5	4	5	5	5
ENSG00000176928	5	4	5	5	5
ENSG00000172199	5	4	5	5	5
ENSG00000066468	5	4	5	5	5
ENSG00000171680	5	4	5	5	5
ENSG00000171533	5	4	5	5	5
ENSG00000159339	5	4	5	5	5
ENSG00000112280	5	4	5	5	5
ENSG00000153233	5	4	5	5	5
ENSG00000090539	5	4	5	5	5
ENSG00000154269	5	4	5	5	5
ENSG00000064300	5	4	5	5	5
ENSG00000154188	5	4	5	5	5
ENSG00000110987	5	4	5	5	5
DUMMY92	-100	-100	-100	-100	-100
ENSG00000011451	2	1	1	1	1
ENSG00000146063	2	1	1	1	1
ENSG00000121621	2	1	1	1	1
ENSG00000153790	2	1	1	1	1
ENSG00000122008	2	1	1	1	1
ENSG00000165071	2	1	1	1	1
ENSG00000125304	2	1	1	1	1
ENSG00000182087	2	1	1	1	1
ENSG00000164574	2	1	1	1	1
ENSG00000071246	2	1	1	1	1
ENSG00000176542	2	1	1	1	1
ENSG00000110492	2	1	1	1	1
ENSG00000083444	2	1	1	1	1
ENSG00000124279	2	1	1	1	1
ENSG00000181513	2	1	1	1	1
ENSG00000204923	2	1	1	1	1
ENSG00000126215	2	1	1	1	1
ENSG00000025434	2	1	1	1	1
ENSG00000114779	2	1	1	1	1
ENSG00000139233	2	1	1	1	1
ENSG00000105866	2	1	1	1	1
ENSG00000020129	2	1	1	1	1
ENSG00000110888	2	1	1	1	1
ENSG00000112308	2	1	1	1	1
ENSG00000137413	2	1	1	1	1
ENSG00000092148	2	1	1	1	1
ENSG00000125743	2	1	1	1	1
ENSG00000184702	2	1	1	1	1
ENSG00000178922	2	1	1	1	1
ENSG00000012048	2	1	1	1	1
ENSG00000144136	2	1	1	1	1
ENSG00000119703	2	1	1	1	1
ENSG00000136918	2	1	1	1	1
ENSG00000114268	2	1	1	1	1
ENSG00000108510	2	1	1	1	1
ENSG00000064995	2	1	1	1	1
DUMMY93	-100	-100	-100	-100	-100
ENSG00000053770	2	2	2	1	2
ENSG00000158019	2	2	2	1	2
ENSG00000160211	2	2	2	1	2
ENSG00000162688	2	2	2	1	2
ENSG00000112306	2	2	2	1	2
ENSG00000173548	2	2	2	1	2
ENSG00000170860	2	2	2	1	2
ENSG00000076984	2	2	2	1	2
ENSG00000129197	2	2	2	1	2
ENSG00000198162	2	2	2	1	2
ENSG00000198089	2	2	2	1	2
ENSG00000103197	2	2	2	1	2
ENSG00000080986	2	2	2	1	2
ENSG00000132661	2	2	2	1	2
ENSG00000107175	2	2	2	1	2
ENSG00000136169	2	2	2	1	2
ENSG00000205268	2	2	2	1	2
ENSG00000117475	2	2	2	1	2
ENSG00000139618	2	2	2	1	2
ENSG00000149657	2	2	2	1	2
ENSG00000156509	2	2	2	1	2
ENSG00000214413	2	2	2	1	2
ENSG00000117289	2	2	2	1	2
ENSG00000198356	2	2	2	1	2
ENSG00000068724	2	2	2	1	2
ENSG00000186352	2	2	2	1	2
ENSG00000184445	2	2	2	1	2
ENSG00000181038	2	2	2	1	2
ENSG00000180423	2	2	2	1	2
ENSG00000180011	2	2	2	1	2
ENSG00000179886	2	2	2	1	2
ENSG00000167685	2	2	2	1	2
ENSG00000167094	2	2	2	1	2
ENSG00000166246	2	2	2	1	2
ENSG00000112773	2	2	2	1	2
DUMMY94	-100	-100	-100	-100	-100
ENSG00000103051	1	1	1	2	2
ENSG00000213859	1	1	1	2	2
ENSG00000182919	1	1	1	2	2
ENSG00000120129	1	1	1	2	2
ENSG00000196177	1	1	1	2	2
ENSG00000108883	1	1	1	2	2
ENSG00000158423	1	1	1	2	2
ENSG00000167680	1	1	1	2	2
ENSG00000171791	1	1	1	2	2
ENSG00000169764	1	1	1	2	2
ENSG00000106268	1	1	1	2	2
ENSG00000177951	1	1	1	2	2
ENSG00000174405	1	1	1	2	2
DUMMY95	-100	-100	-100	-100	-100
ENSG00000032742	3	2	3	1	1
ENSG00000160310	3	2	3	1	1
ENSG00000170222	3	2	3	1	1
ENSG00000170260	3	2	3	1	1
ENSG00000119943	3	2	3	1	1
ENSG00000172531	3	2	3	1	1
ENSG00000104889	3	2	3	1	1
ENSG00000163867	3	2	3	1	1
ENSG00000166855	3	2	3	1	1
ENSG00000154553	3	2	3	1	1
ENSG00000111237	3	2	3	1	1
ENSG00000133112	3	2	3	1	1
ENSG00000138442	3	2	3	1	1
ENSG00000143970	3	2	3	1	1
ENSG00000125871	3	2	3	1	1
ENSG00000180667	3	2	3	1	1
ENSG00000176946	3	2	3	1	1
ENSG00000103507	3	2	3	1	1
DUMMY97	-100	-100	-100	-100	-100
ENSG00000003987	5	5	5	2	2
ENSG00000162643	5	5	5	2	2
ENSG00000176049	5	5	5	2	2
ENSG00000163749	5	5	5	2	2
ENSG00000107816	5	5	5	2	2
ENSG00000152556	5	5	5	2	2
ENSG00000204323	5	5	5	2	2
ENSG00000120594	5	5	5	2	2
ENSG00000180828	5	5	5	2	2
ENSG00000069712	5	5	5	2	2
ENSG00000186951	5	5	5	2	2
ENSG00000162413	5	5	5	2	2
ENSG00000103528	5	5	5	2	2
ENSG00000196900	5	5	5	2	2
ENSG00000183826	5	5	5	2	2
DUMMY98	-100	-100	-100	-100	-100
ENSG00000064787	5	5	5	1	1
ENSG00000162390	5	5	5	1	1
ENSG00000157005	5	5	5	1	1
ENSG00000111254	5	5	5	1	1
ENSG00000080572	5	5	5	1	1
ENSG00000179846	5	5	5	1	1
ENSG00000213316	5	5	5	1	1
ENSG00000103313	5	5	5	1	1
ENSG00000106483	5	5	5	1	1
ENSG00000127074	5	5	5	1	1
ENSG00000198081	5	5	5	1	1
ENSG00000204335	5	5	5	1	1
ENSG00000101849	5	5	5	1	1
ENSG00000107929	5	5	5	1	1
ENSG00000141429	5	5	5	1	1
ENSG00000108219	5	5	5	1	1
ENSG00000134020	5	5	5	1	1
ENSG00000108312	5	5	5	1	1
ENSG00000140015	5	5	5	1	1
ENSG00000140481	5	5	5	1	1
ENSG00000141579	5	5	5	1	1
ENSG00000144015	5	5	5	1	1
ENSG00000146352	5	5	5	1	1
ENSG00000147408	5	5	5	1	1
ENSG00000147588	5	5	5	1	1
ENSG00000178217	5	5	5	1	1
ENSG00000116604	5	5	5	1	1
ENSG00000148942	5	5	5	1	1
ENSG00000182035	5	5	5	1	1
ENSG00000175745	5	5	5	1	1
ENSG00000170549	5	5	5	1	1
ENSG00000099204	5	5	5	1	1
ENSG00000163486	5	5	5	1	1
ENSG00000114248	5	5	5	1	1
DUMMY99	-100	-100	-100	-100	-100
ENSG00000108278	2	5	2	3	3
ENSG00000166526	2	5	2	3	3
ENSG00000168172	2	5	2	3	3
ENSG00000136213	2	5	2	3	3
ENSG00000111271	2	5	2	3	3
ENSG00000235162	2	5	2	3	3
ENSG00000214021	2	5	2	3	3
ENSG00000197959	2	5	2	3	3
ENSG00000186638	2	5	2	3	3
ENSG00000186314	2	5	2	3	3
ENSG00000185344	2	5	2	3	3
ENSG00000184988	2	5	2	3	3
ENSG00000179361	2	5	2	3	3
ENSG00000176390	2	5	2	3	3
ENSG00000170915	2	5	2	3	3
ENSG00000165209	2	5	2	3	3
ENSG00000163812	2	5	2	3	3
DUMMY100	-100	-100	-100	-100	-100
ENSG00000087245	4	4	4	1	1
ENSG00000163378	4	4	4	1	1
ENSG00000170004	4	4	4	1	1
ENSG00000163191	4	4	4	1	1
ENSG00000090372	4	4	4	1	1
ENSG00000104964	4	4	4	1	1
ENSG00000108671	4	4	4	1	1
ENSG00000133808	4	4	4	1	1
ENSG00000196576	4	4	4	1	1
ENSG00000100625	4	4	4	1	1
DUMMY102	-100	-100	-100	-100	-100
ENSG00000102921	2	3	3	1	1
ENSG00000196456	2	3	3	1	1
ENSG00000180263	2	3	3	1	1
ENSG00000124275	2	3	3	1	1
ENSG00000155158	2	3	3	1	1
ENSG00000150873	2	3	3	1	1
ENSG00000182831	2	3	3	1	1
ENSG00000165891	2	3	3	1	1
ENSG00000163482	2	3	3	1	1
ENSG00000162396	2	3	3	1	1
DUMMY103	-100	-100	-100	-100	-100
ENSG00000092439	3	4	4	5	5
ENSG00000163513	3	4	4	5	5
ENSG00000120820	3	4	4	5	5
ENSG00000205978	3	4	4	5	5
ENSG00000146083	3	4	4	5	5
ENSG00000141068	3	4	4	5	5
ENSG00000136816	3	4	4	5	5
ENSG00000160551	3	4	4	5	5
ENSG00000167123	3	4	4	5	5
ENSG00000180198	3	4	4	5	5
ENSG00000167536	3	4	4	5	5
ENSG00000108960	3	4	4	5	5
DUMMY105	-100	-100	-100	-100	-100
ENSG00000055483	4	3	4	5	5
ENSG00000160888	4	3	4	5	5
ENSG00000163171	4	3	4	5	5
ENSG00000155846	4	3	4	5	5
ENSG00000090376	4	3	4	5	5
ENSG00000058600	4	3	4	5	5
ENSG00000140391	4	3	4	5	5
ENSG00000183688	4	3	4	5	5
ENSG00000117151	4	3	4	5	5
ENSG00000185619	4	3	4	5	5
ENSG00000100242	4	3	4	5	5
ENSG00000164715	4	3	4	5	5
ENSG00000068366	4	3	4	5	5
ENSG00000153395	4	3	4	5	5
ENSG00000114982	4	3	4	5	5
DUMMY107	-100	-100	-100	-100	-100
ENSG00000005194	3	3	3	4	4
ENSG00000111911	3	3	3	4	4
ENSG00000027697	3	3	3	4	4
ENSG00000165916	3	3	3	4	4
ENSG00000070476	3	3	3	4	4
ENSG00000022840	3	3	3	4	4
ENSG00000085563	3	3	3	4	4
ENSG00000104885	3	3	3	4	4
ENSG00000168497	3	3	3	4	4
ENSG00000122550	3	3	3	4	4
ENSG00000127191	3	3	3	4	4
ENSG00000159593	3	3	3	4	4
ENSG00000183828	3	3	3	4	4
ENSG00000012174	3	3	3	4	4
ENSG00000159840	3	3	3	4	4
ENSG00000100836	3	3	3	4	4
ENSG00000151176	3	3	3	4	4
ENSG00000119537	3	3	3	4	4
ENSG00000142188	3	3	3	4	4
ENSG00000117859	3	3	3	4	4
ENSG00000132664	3	3	3	4	4
ENSG00000099385	3	3	3	4	4
ENSG00000133318	3	3	3	4	4
ENSG00000034677	3	3	3	4	4
DUMMY109	-100	-100	-100	-100	-100
ENSG00000099804	4	2	2	3	3
ENSG00000154727	4	2	2	3	3
ENSG00000120156	4	2	2	3	3
ENSG00000169026	4	2	2	3	3
ENSG00000123240	4	2	2	3	3
ENSG00000214114	4	2	2	3	3
ENSG00000140743	4	2	2	3	3
ENSG00000136950	4	2	2	3	3
ENSG00000132434	4	2	2	3	3
ENSG00000108551	4	2	2	3	3
ENSG00000149798	4	2	2	3	3
ENSG00000151135	4	2	2	3	3
ENSG00000107960	4	2	2	3	3
DUMMY112	-100	-100	-100	-100	-100
ENSG00000064666	4	1	4	5	5
ENSG00000154447	4	1	4	5	5
ENSG00000165072	4	1	4	5	5
ENSG00000180209	4	1	4	5	5
ENSG00000102802	4	1	4	5	5
ENSG00000137710	4	1	4	5	5
ENSG00000138759	4	1	4	5	5
ENSG00000143842	4	1	4	5	5
ENSG00000150760	4	1	4	5	5
ENSG00000174010	4	1	4	5	5
ENSG00000123094	4	1	4	5	5
DUMMY113	-100	-100	-100	-100	-100
ENSG00000084092	5	2	2	3	3
ENSG00000164220	5	2	2	3	3
ENSG00000149591	5	2	2	3	3
ENSG00000105829	5	2	2	3	3
ENSG00000142961	5	2	2	3	3
ENSG00000148541	5	2	2	3	3
ENSG00000185272	5	2	2	3	3
ENSG00000100321	5	2	2	3	3
ENSG00000184402	5	2	2	3	3
ENSG00000112655	5	2	2	3	3
DUMMY114	-100	-100	-100	-100	-100
ENSG00000055955	1	5	1	1	1
ENSG00000167083	1	5	1	1	1
ENSG00000196476	1	5	1	1	1
ENSG00000164306	1	5	1	1	1
ENSG00000162460	1	5	1	1	1
ENSG00000104804	1	5	1	1	1
ENSG00000134532	1	5	1	1	1
ENSG00000144579	1	5	1	1	1
ENSG00000153292	1	5	1	1	1
ENSG00000212864	1	5	1	1	1
ENSG00000251322	1	5	1	1	1
ENSG00000073009	1	5	1	1	1
ENSG00000186174	1	5	1	1	1
ENSG00000100116	1	5	1	1	1
DUMMY115	-100	-100	-100	-100	-100
ENSG00000013364	4	1	4	4	4
ENSG00000211455	4	1	4	4	4
ENSG00000164107	4	1	4	4	4
ENSG00000136404	4	1	4	4	4
ENSG00000135631	4	1	4	4	4
ENSG00000108187	4	1	4	4	4
ENSG00000111726	4	1	4	4	4
ENSG00000165233	4	1	4	4	4
ENSG00000167601	4	1	4	4	4
ENSG00000043143	4	1	4	4	4
DUMMY116	-100	-100	-100	-100	-100
ENSG00000005882	2	1	2	2	2
ENSG00000158467	2	1	2	2	2
ENSG00000168393	2	1	2	2	2
ENSG00000167535	2	1	2	2	2
ENSG00000105245	2	1	2	2	2
ENSG00000108389	2	1	2	2	2
ENSG00000131373	2	1	2	2	2
ENSG00000139405	2	1	2	2	2
ENSG00000141252	2	1	2	2	2
ENSG00000141543	2	1	2	2	2
ENSG00000148459	2	1	2	2	2
ENSG00000163138	2	1	2	2	2
ENSG00000197774	2	1	2	2	2
ENSG00000116525	2	1	2	2	2
ENSG00000188895	2	1	2	2	2
ENSG00000116161	2	1	2	2	2
ENSG00000176155	2	1	2	2	2
ENSG00000174151	2	1	2	2	2
ENSG00000174013	2	1	2	2	2
ENSG00000171988	2	1	2	2	2
DUMMY117	-100	-100	-100	-100	-100
ENSG00000004975	3	3	3	2	2
ENSG00000113593	3	3	3	2	2
ENSG00000163512	3	3	3	2	2
ENSG00000155096	3	3	3	2	2
ENSG00000009954	3	3	3	2	2
ENSG00000153187	3	3	3	2	2
ENSG00000112118	3	3	3	2	2
ENSG00000082213	3	3	3	2	2
ENSG00000086589	3	3	3	2	2
ENSG00000137210	3	3	3	2	2
ENSG00000179988	3	3	3	2	2
ENSG00000123485	3	3	3	2	2
ENSG00000163312	3	3	3	2	2
ENSG00000115267	3	3	3	2	2
ENSG00000104408	3	3	3	2	2
ENSG00000104635	3	3	3	2	2
ENSG00000107404	3	3	3	2	2
ENSG00000143093	3	3	3	2	2
ENSG00000164307	3	3	3	2	2
ENSG00000100813	3	3	3	2	2
ENSG00000108479	3	3	3	2	2
ENSG00000131043	3	3	3	2	2
ENSG00000133119	3	3	3	2	2
ENSG00000139278	3	3	3	2	2
ENSG00000177548	3	3	3	2	2
ENSG00000101290	3	3	3	2	2
ENSG00000134905	3	3	3	2	2
ENSG00000139428	3	3	3	2	2
ENSG00000141084	3	3	3	2	2
ENSG00000143033	3	3	3	2	2
ENSG00000166794	3	3	3	2	2
ENSG00000070669	3	3	3	2	2
ENSG00000146066	3	3	3	2	2
ENSG00000149187	3	3	3	2	2
ENSG00000177084	3	3	3	2	2
ENSG00000122970	3	3	3	2	2
ENSG00000169139	3	3	3	2	2
ENSG00000121931	3	3	3	2	2
ENSG00000126067	3	3	3	2	2
ENSG00000184178	3	3	3	2	2
ENSG00000182307	3	3	3	2	2
ENSG00000125901	3	3	3	2	2
ENSG00000127481	3	3	3	2	2
ENSG00000196865	3	3	3	2	2
ENSG00000196497	3	3	3	2	2
ENSG00000074319	3	3	3	2	2
ENSG00000129055	3	3	3	2	2
ENSG00000228716	3	3	3	2	2
ENSG00000205670	3	3	3	2	2
ENSG00000128654	3	3	3	2	2
ENSG00000168291	3	3	3	2	2
ENSG00000118096	3	3	3	2	2
ENSG00000165480	3	3	3	2	2
ENSG00000117751	3	3	3	2	2
ENSG00000159461	3	3	3	2	2
ENSG00000066427	3	3	3	2	2
ENSG00000162980	3	3	3	2	2
ENSG00000113384	3	3	3	2	2
ENSG00000162623	3	3	3	2	2
ENSG00000094880	3	3	3	2	2
ENSG00000158604	3	3	3	2	2
ENSG00000113163	3	3	3	2	2
DUMMY118	-100	-100	-100	-100	-100
ENSG00000003989	5	2	5	5	5
ENSG00000179583	5	2	5	5	5
ENSG00000139800	5	2	5	5	5
ENSG00000134533	5	2	5	5	5
ENSG00000132205	5	2	5	5	5
ENSG00000125084	5	2	5	5	5
ENSG00000197381	5	2	5	5	5
ENSG00000198121	5	2	5	5	5
ENSG00000132182	5	2	5	5	5
ENSG00000131067	5	2	5	5	5
ENSG00000115361	5	2	5	5	5
ENSG00000177045	5	2	5	5	5
ENSG00000148408	5	2	5	5	5
ENSG00000131044	5	2	5	5	5
ENSG00000107562	5	2	5	5	5
ENSG00000099849	5	2	5	5	5
ENSG00000172379	5	2	5	5	5
ENSG00000138138	5	2	5	5	5
ENSG00000106852	5	2	5	5	5
ENSG00000106617	5	2	5	5	5
ENSG00000116661	5	2	5	5	5
ENSG00000183186	5	2	5	5	5
ENSG00000136931	5	2	5	5	5
ENSG00000105732	5	2	5	5	5
ENSG00000105278	5	2	5	5	5
ENSG00000117091	5	2	5	5	5
ENSG00000183019	5	2	5	5	5
ENSG00000137460	5	2	5	5	5
ENSG00000085741	5	2	5	5	5
ENSG00000078699	5	2	5	5	5
ENSG00000118322	5	2	5	5	5
ENSG00000179532	5	2	5	5	5
ENSG00000163053	5	2	5	5	5
ENSG00000163424	5	2	5	5	5
ENSG00000171766	5	2	5	5	5
ENSG00000169245	5	2	5	5	5
ENSG00000055917	5	2	5	5	5
ENSG00000143416	5	2	5	5	5
ENSG00000149243	5	2	5	5	5
ENSG00000159184	5	2	5	5	5
ENSG00000127249	5	2	5	5	5
ENSG00000173868	5	2	5	5	5
ENSG00000206052	5	2	5	5	5
ENSG00000006576	5	2	5	5	5
ENSG00000188620	5	2	5	5	5
ENSG00000121542	5	2	5	5	5
ENSG00000179294	5	2	5	5	5
ENSG00000228594	5	2	5	5	5
ENSG00000102230	5	2	5	5	5
ENSG00000177363	5	2	5	5	5
ENSG00000114923	5	2	5	5	5
ENSG00000170561	5	2	5	5	5
ENSG00000037280	5	2	5	5	5
ENSG00000166816	5	2	5	5	5
ENSG00000113645	5	2	5	5	5
ENSG00000169031	5	2	5	5	5
ENSG00000168418	5	2	5	5	5
ENSG00000164694	5	2	5	5	5
ENSG00000092470	5	2	5	5	5
ENSG00000165917	5	2	5	5	5
ENSG00000091513	5	2	5	5	5
DUMMY119	-100	-100	-100	-100	-100
ENSG00000090857	4	5	4	2	2
ENSG00000158195	4	5	4	2	2
ENSG00000167632	4	5	4	2	2
ENSG00000113621	4	5	4	2	2
ENSG00000104517	4	5	4	2	2
ENSG00000135108	4	5	4	2	2
ENSG00000138134	4	5	4	2	2
ENSG00000214193	4	5	4	2	2
ENSG00000120217	4	5	4	2	2
ENSG00000205726	4	5	4	2	2
ENSG00000188554	4	5	4	2	2
DUMMY120	-100	-100	-100	-100	-100
ENSG00000008394	4	4	4	3	3
ENSG00000113648	4	4	4	3	3
ENSG00000182500	4	4	4	3	3
ENSG00000140464	4	4	4	3	3
ENSG00000111875	4	4	4	3	3
ENSG00000057252	4	4	4	3	3
ENSG00000086666	4	4	4	3	3
ENSG00000135441	4	4	4	3	3
ENSG00000137404	4	4	4	3	3
ENSG00000142192	4	4	4	3	3
ENSG00000215717	4	4	4	3	3
ENSG00000101160	4	4	4	3	3
ENSG00000197261	4	4	4	3	3
ENSG00000118707	4	4	4	3	3
DUMMY121	-100	-100	-100	-100	-100
ENSG00000056972	4	3	4	1	1
ENSG00000154889	4	3	4	1	1
ENSG00000108946	4	3	4	1	1
ENSG00000105401	4	3	4	1	1
ENSG00000136238	4	3	4	1	1
ENSG00000136699	4	3	4	1	1
ENSG00000142867	4	3	4	1	1
ENSG00000146242	4	3	4	1	1
ENSG00000148384	4	3	4	1	1
ENSG00000181830	4	3	4	1	1
ENSG00000101421	4	3	4	1	1
DUMMY122	-100	-100	-100	-100	-100
ENSG00000008226	5	4	4	4	4
ENSG00000141854	5	4	4	4	4
ENSG00000108924	5	4	4	4	4
ENSG00000083857	5	4	4	4	4
ENSG00000084636	5	4	4	4	4
ENSG00000105141	5	4	4	4	4
ENSG00000182521	5	4	4	4	4
ENSG00000011332	5	4	4	4	4
ENSG00000183255	5	4	4	4	4
ENSG00000100234	5	4	4	4	4
ENSG00000157211	5	4	4	4	4
ENSG00000203772	5	4	4	4	4
ENSG00000075426	5	4	4	4	4
DUMMY123	-100	-100	-100	-100	-100
ENSG00000108474	1	2	1	3	3
ENSG00000163703	1	2	1	3	3
ENSG00000172936	1	2	1	3	3
ENSG00000183010	1	2	1	3	3
ENSG00000214113	1	2	1	3	3
ENSG00000129071	1	2	1	3	3
ENSG00000137463	1	2	1	3	3
ENSG00000137509	1	2	1	3	3
ENSG00000187498	1	2	1	3	3
ENSG00000120533	1	2	1	3	3
DUMMY125	-100	-100	-100	-100	-100
ENSG00000104325	2	4	4	3	3
ENSG00000151413	2	4	4	3	3
ENSG00000148362	2	4	4	3	3
ENSG00000137502	2	4	4	3	3
ENSG00000138867	2	4	4	3	3
ENSG00000204138	2	4	4	3	3
ENSG00000171045	2	4	4	3	3
ENSG00000168175	2	4	4	3	3
ENSG00000167645	2	4	4	3	3
ENSG00000167642	2	4	4	3	3
ENSG00000112658	2	4	4	3	3
DUMMY126	-100	-100	-100	-100	-100
ENSG00000082014	3	5	3	4	4
ENSG00000113649	3	5	3	4	4
ENSG00000168646	3	5	3	4	4
ENSG00000163535	3	5	3	4	4
ENSG00000091986	3	5	3	4	4
ENSG00000135636	3	5	3	4	4
ENSG00000179862	3	5	3	4	4
ENSG00000120963	3	5	3	4	4
ENSG00000179965	3	5	3	4	4
ENSG00000177125	3	5	3	4	4
ENSG00000176273	3	5	3	4	4
ENSG00000173992	3	5	3	4	4
ENSG00000167470	3	5	3	4	4
ENSG00000166228	3	5	3	4	4
DUMMY127	-100	-100	-100	-100	-100
ENSG00000058085	2	1	1	5	5
ENSG00000145982	2	1	1	5	5
ENSG00000108797	2	1	1	5	5
ENSG00000132694	2	1	1	5	5
ENSG00000138032	2	1	1	5	5
ENSG00000141367	2	1	1	5	5
ENSG00000143375	2	1	1	5	5
ENSG00000204130	2	1	1	5	5
ENSG00000100350	2	1	1	5	5
ENSG00000215845	2	1	1	5	5
ENSG00000181856	2	1	1	5	5
ENSG00000179674	2	1	1	5	5
ENSG00000173040	2	1	1	5	5
ENSG00000171492	2	1	1	5	5
ENSG00000170325	2	1	1	5	5
DUMMY128	-100	-100	-100	-100	-100
ENSG00000055211	2	1	1	3	3
ENSG00000164031	2	1	1	3	3
ENSG00000164944	2	1	1	3	3
ENSG00000169740	2	1	1	3	3
ENSG00000100147	2	1	1	3	3
ENSG00000104131	2	1	1	3	3
ENSG00000138614	2	1	1	3	3
ENSG00000160570	2	1	1	3	3
ENSG00000185420	2	1	1	3	3
ENSG00000100605	2	1	1	3	3
ENSG00000183696	2	1	1	3	3
ENSG00000069849	2	1	1	3	3
ENSG00000174177	2	1	1	3	3
ENSG00000118640	2	1	1	3	3
ENSG00000169981	2	1	1	3	3
ENSG00000116649	2	1	1	3	3
DUMMY129	-100	-100	-100	-100	-100
ENSG00000099942	3	3	3	1	1
ENSG00000164136	3	3	3	1	1
ENSG00000103995	3	3	3	1	1
ENSG00000156958	3	3	3	1	1
ENSG00000108774	3	3	3	1	1
ENSG00000134470	3	3	3	1	1
ENSG00000146263	3	3	3	1	1
ENSG00000197713	3	3	3	1	1
ENSG00000119185	3	3	3	1	1
ENSG00000176393	3	3	3	1	1
ENSG00000100429	3	3	3	1	1
DUMMY130	-100	-100	-100	-100	-100
ENSG00000010292	4	2	2	2	2
ENSG00000145391	4	2	2	2	2
ENSG00000183258	4	2	2	2	2
ENSG00000181704	4	2	2	2	2
ENSG00000105393	4	2	2	2	2
ENSG00000140740	4	2	2	2	2
ENSG00000143418	4	2	2	2	2
ENSG00000214367	4	2	2	2	2
ENSG00000259494	4	2	2	2	2
ENSG00000124198	4	2	2	2	2
ENSG00000188906	4	2	2	2	2
ENSG00000100442	4	2	2	2	2
DUMMY133	-100	-100	-100	-100	-100
ENSG00000050730	2	5	2	1	1
ENSG00000196535	2	5	2	1	1
ENSG00000169398	2	5	2	1	1
ENSG00000168439	2	5	2	1	1
ENSG00000112659	2	5	2	1	1
ENSG00000054148	2	5	2	1	1
ENSG00000106400	2	5	2	1	1
ENSG00000108061	2	5	2	1	1
ENSG00000143373	2	5	2	1	1
ENSG00000143479	2	5	2	1	1
ENSG00000144554	2	5	2	1	1
ENSG00000172572	2	5	2	1	1
ENSG00000119321	2	5	2	1	1
DUMMY134	-100	-100	-100	-100	-100
ENSG00000013561	3	1	3	3	3
ENSG00000184898	3	1	3	3	3
ENSG00000189050	3	1	3	3	3
ENSG00000130307	3	1	3	3	3
ENSG00000119707	3	1	3	3	3
ENSG00000160200	3	1	3	3	3
ENSG00000120519	3	1	3	3	3
ENSG00000171530	3	1	3	3	3
ENSG00000124172	3	1	3	3	3
ENSG00000183527	3	1	3	3	3
ENSG00000187049	3	1	3	3	3
ENSG00000129810	3	1	3	3	3
ENSG00000105887	3	1	3	3	3
ENSG00000108559	3	1	3	3	3
ENSG00000135828	3	1	3	3	3
ENSG00000083838	3	1	3	3	3
ENSG00000147853	3	1	3	3	3
ENSG00000100138	3	1	3	3	3
ENSG00000138092	3	1	3	3	3
ENSG00000067596	3	1	3	3	3
ENSG00000140521	3	1	3	3	3
ENSG00000096717	3	1	3	3	3
DUMMY137	-100	-100	-100	-100	-100
ENSG00000076258	2	3	3	4	4
ENSG00000167862	2	3	3	4	4
ENSG00000169609	2	3	3	4	4
ENSG00000170638	2	3	3	4	4
ENSG00000097021	2	3	3	4	4
ENSG00000132801	2	3	3	4	4
ENSG00000177707	2	3	3	4	4
ENSG00000123358	2	3	3	4	4
ENSG00000126088	2	3	3	4	4
ENSG00000185630	2	3	3	4	4
ENSG00000196455	2	3	3	4	4
ENSG00000124787	2	3	3	4	4
DUMMY141	-100	-100	-100	-100	-100
ENSG00000011422	4	2	4	4	4
ENSG00000198435	4	2	4	4	4
ENSG00000162073	4	2	4	4	4
ENSG00000141753	4	2	4	4	4
ENSG00000168505	4	2	4	4	4
ENSG00000173210	4	2	4	4	4
ENSG00000174136	4	2	4	4	4
ENSG00000115694	4	2	4	4	4
ENSG00000182158	4	2	4	4	4
ENSG00000042753	4	2	4	4	4
DUMMY142	-100	-100	-100	-100	-100
ENSG00000040487	2	5	2	4	4
ENSG00000166313	2	5	2	4	4
ENSG00000162642	2	5	2	4	4
ENSG00000114738	2	5	2	4	4
ENSG00000133315	2	5	2	4	4
ENSG00000138135	2	5	2	4	4
ENSG00000142002	2	5	2	4	4
ENSG00000159842	2	5	2	4	4
ENSG00000172270	2	5	2	4	4
ENSG00000071282	2	5	2	4	4
ENSG00000125968	2	5	2	4	4
ENSG00000176749	2	5	2	4	4
ENSG00000172115	2	5	2	4	4
ENSG00000125945	2	5	2	4	4
DUMMY147	-100	-100	-100	-100	-100
ENSG00000006451	4	5	4	1	1
ENSG00000165626	4	5	4	1	1
ENSG00000137309	4	5	4	1	1
ENSG00000115306	4	5	4	1	1
ENSG00000077782	4	5	4	1	1
ENSG00000079432	4	5	4	1	1
ENSG00000082898	4	5	4	1	1
ENSG00000103540	4	5	4	1	1
ENSG00000106070	4	5	4	1	1
ENSG00000135052	4	5	4	1	1
ENSG00000126603	4	5	4	1	1
ENSG00000214026	4	5	4	1	1
ENSG00000198753	4	5	4	1	1
ENSG00000126368	4	5	4	1	1
ENSG00000144749	4	5	4	1	1
ENSG00000117114	4	5	4	1	1
DUMMY151	-100	-100	-100	-100	-100
